6.27411036924 6.21282946078 5.8017413487
6.00468438348 5.59874254206 5.49938425515
6.49263047536 6.07730883753 5.91668045519
6.37026393178 6.13724544506 5.79719690662
6.34821934658 6.17512274312 5.80927146386
6.21510426995 6.07958960885 5.76892658197
6.07386408142 5.85288504622 5.70760292179
6.00178337772 5.5348542888 5.51560701622
6.2978436751 6.19108428042 5.79412672657
6.38080465872 6.30140180234 5.9574066942
6.22022593671 6.14466405512 5.74431362188
6.06639463111 5.86348331506 5.66418965137
6.27849196376 6.24825737891 5.85015326263
6.41222697848 5.99256592351 5.95759751735
6.43209078577 6.40779711436 5.95726155813
6.25272366988 5.91143658445 5.79319944653
6.10877445495 5.77947451612 5.71955112902
6.37906108675 6.27994494779 5.98377236303
6.08411441921 5.97606428777 5.5368443699
6.28396932922 6.10815712021 5.78054933184
6.13907281582 5.78535129533 5.64247624526
6.46262002664 6.12716455126 5.97185146377
6.23170455446 5.9791095065 5.8330261255
6.38209250166 6.22028980912 5.87397931115
6.0994770552 5.99083213438 5.72763646235
6.1067204004 5.60585249405 5.6003933235
6.35401088126 5.93395601601 5.80110750953
6.17551285671 5.7529421796 5.71368664487
6.44238473846 5.9572205744 5.93270566569
6.22471264027 6.16948275175 5.83355150455
6.19332803335 5.89802163869 5.80276875247
6.20109956363 6.17182420923 5.78177855302
6.44827932549 6.19873062342 6.05718948275
6.33045637456 6.00958941956 5.80296964835
6.3270347119 6.26948091015 5.76190465652
6.08080584649 5.867857403 5.6582871334
6.21947557291 5.98449522976 5.8241494698
6.06635753347 6.05072701766 5.58208425704
6.28009421052 6.11645802889 5.85227070552
6.25571540629 5.79905744647 5.75434621058
6.45116817816 6.37081524985 5.90672611243
6.1266115875 5.84597996374 5.61043458636
6.28800840169 6.06617701108 5.81731583206
6.22998926306 5.81788919452 5.71238696213
6.10997880339 6.08010301465 5.66898697869
6.12850322624 6.07160065582 5.62293374892
6.00537152784 5.93732220669 5.55835985872
6.032475335 5.98054574718 5.6578468494
6.44855591014 6.37488478639 6.04395253499
6.13534117656 5.93422913044 5.71274520882
6.37896787405 6.02396447819 5.90438448495
6.3222960955 5.98485835605 5.93206433779
6.15721761343 5.90070802314 5.61698325056
6.23082072597 6.05803294527 5.8041231605
6.31885894374 6.21863615738 5.83328142796
6.44633365376 6.34964048254 5.944765092
6.07925070178 5.74336262101 5.54690671537
6.2570137172 5.82020497502 5.81135874013
6.39397769785 6.00393100416 5.9334681251
6.35350109206 6.15597142584 5.82452761184
6.37913966804 6.2505285801 5.94279497402
6.34275106226 5.88715302659 5.8351402797
6.39230224377 6.2089375538 5.97224043789
6.2123571603 5.97147670079 5.81229101082
6.01945074561 5.54578336505 5.49521717623
6.28528954068 5.85173914828 5.78840363546
6.22007056547 6.01119499749 5.71039640014
6.30535607789 6.21228943143 5.83760701252
6.0796689069 6.0034259019 5.62189351143
6.3100250007 5.85268258236 5.80098495158
6.16531251331 5.93112536398 5.78853541023
6.36294694438 5.90289701391 5.90225833993
6.44456936841 6.19004117627 6.04416575168
6.3577372923 5.95585760742 5.95303998326
6.19854102385 5.76174434163 5.67176009195
6.38822038426 5.99830099725 5.91063062674
6.28062024989 6.04492666082 5.86820430076
6.33415517495 6.25908201385 5.87019163826
6.26103238369 5.86531144695 5.8622005636
6.49528359409 6.28733712266 6.06449914195
6.11638860636 5.95528618662 5.57308452874
6.43957784826 6.13028045198 5.98919519075
6.27155255084 6.26465724933 5.7810768662
6.04662618932 6.00996001499 5.65817961529
6.05214817009 5.93377996363 5.56454814504
6.28557817602 5.80234697017 5.79545390008
6.03712864446 5.75720474655 5.57448390338
6.25409247939 6.18165967739 5.82985965516
6.47221444079 5.9292953126 5.90421929852
6.34052805667 6.1157106315 5.93282384951
6.4684415849 6.18795668397 6.05097733674
6.1338133376 5.748606359 5.69924964368
6.19611838684 5.83649704418 5.8198537658
6.35463081206 5.91255837771 5.84497478367
6.39081360362 6.35723014799 5.97816559499
6.04351059834 5.60239082135 5.58494289768
6.17401475402 6.02404953374 5.79858071985
6.43133058521 6.39332405582 6.04248372021
6.25364177162 6.00845825513 5.82103823258
6.46421656319 5.9950281721 5.89253116428
6.00499245023 5.52679079442 5.49790299938
6.27097616663 6.03288346311 5.82199916265
6.26854711361 5.88340188504 5.85016976443
6.22581567976 6.04149467187 5.73132621144
6.2723576744 6.15134460621 5.77992083113
6.02119984552 5.73889989889 5.49402463522
6.02587254272 5.91307372173 5.60928656718
6.32782435525 6.32637019042 5.89383920307
6.25280567338 6.13885552457 5.85404658733
6.04482217832 5.88733817168 5.56345908155
6.08000097628 6.05025886078 5.63484361284
6.46579906148 6.34737654611 5.8882972882
6.34890124907 6.06719554371 5.93768090846
6.40246361421 6.06037096238 6.00766018305
6.09355443097 5.99425213542 5.69633874949
6.19992623541 5.808049379 5.71494105261
6.17987992619 5.77689348019 5.7098898359
6.06300293975 5.80629803629 5.67696070024
6.40577360385 6.36107750507 5.97158515156
6.1495024741 5.88985860972 5.61658576456
6.05767960829 5.82258504448 5.6295100428
6.11197516743 5.75387704687 5.62504579136
6.26578643072 5.82500058119 5.77009836433
6.04522707765 6.04064912846 5.65182983417
6.36838253357 6.22078054411 5.98235240381
6.26192192411 5.93351452607 5.7479733981
6.47875486122 6.40332204766 6.08510725599
6.04413591333 6.03618520155 5.64801735349
6.27622442155 5.98956316067 5.86333615686
6.17951009568 6.11958397528 5.80820619511
6.4881029346 6.0034196304 5.97326682346
6.39835554089 6.37106666998 5.96973310991
6.14399160697 5.96624976781 5.61115993648
6.26752404088 5.89162776294 5.75011543409
6.43085360198 6.1551305328 5.94727474296
6.23765932186 5.79754614579 5.7381895123
6.36173209417 6.23166358539 5.89631602396
6.11902102796 5.60916802957 5.59022889378
6.09407395219 5.88784563228 5.72146660256
6.12770718274 5.76781415763 5.72210953208
6.35775883033 6.18873051137 5.96811051038
6.22497907456 6.04270882874 5.74306872439
6.0371616592 5.84422345881 5.63295292905
6.46139060997 6.00307560451 5.92235574738
6.1416690316 6.05047400573 5.62757724548
6.35156640359 6.2459191003 5.92081417061
6.42745981871 6.37291804439 5.92517178548
6.40032495268 5.95358889681 5.83940519802
6.48404874667 5.98299751677 5.96518835328
6.06308049367 5.76248162505 5.67890381639
6.0071059514 5.57997556286 5.4863817332
6.44984576138 6.1621874317 5.90066419753
6.02797485213 5.61692498688 5.5940312332
6.30311482532 6.1083853251 5.80904881345
6.31220972267 5.83244849477 5.76133179262
6.23131247863 6.03307487233 5.84119644138
6.49587416871 6.13180344461 6.10047606781
6.30974711739 6.07710591812 5.83920377186
6.25646732638 6.24437520707 5.72207600526
6.2325464691 6.13437426846 5.84863533883
6.31138748925 6.18867099244 5.80314950413
6.05849434302 5.67299099242 5.58241803254
6.17000017254 6.03222094895 5.61490313574
6.1319977904 5.97695856916 5.73235568533
6.37567482205 6.34956260899 5.84919518678
6.43089692339 6.41036544073 6.01070561762
6.38153777362 6.05698549435 5.83370824288
6.04518959015 5.67626736758 5.64866391092
6.24304902093 5.77269143034 5.70976625914
6.2738814036 6.08511395378 5.8583034898
6.49608444408 6.13131207265 6.0290305406
6.37602813023 6.10359861464 5.9450569003
6.47088720225 6.34324149179 6.01393655956
6.32718189941 5.80235581879 5.78411949869
6.05303981832 5.74433072707 5.6636504054
6.09851321878 5.86177552328 5.64617386143
6.20731108152 5.83660884939 5.83151621726
6.3029767462 5.95044490471 5.92113150156
6.13106067549 5.82925900179 5.62746807608
6.493445333 6.43784757075 5.90915014778
6.21189994388 6.20521287471 5.78658973145
6.40174352582 5.92568142992 5.90799046254
6.08990925169 6.01651929922 5.55891430476
6.27880956969 6.1504125211 5.83885045257
6.49685092393 6.10909679031 6.08594081004
6.18034490091 6.06702638553 5.78628346772
6.00427777787 5.91333838524 5.49472161439
6.23905587641 6.13099554916 5.77331853927
6.26120596667 6.25210063459 5.82013351206
6.22021729872 5.82195290569 5.80888083726
6.20460336508 5.99487326835 5.75496028979
6.19861554771 5.90861400514 5.78427537901
6.40872613739 6.19710835642 5.83620961259
6.48147906441 6.37206876591 5.89880940922
6.34196499213 6.25953236334 5.92343407368
6.42038589705 6.37737772179 5.98896696359
6.24620260776 5.820459091 5.79279017148
6.18580072081 5.90546106879 5.74832058514
6.06522415387 5.79257679108 5.64902063668
6.23817267953 5.8874745518 5.83720428992
6.20843372849 5.98411691638 5.73282427023
6.45860422695 6.0464009192 5.94793003607
6.43781208062 6.24646006091 5.91136266364
6.25343998371 6.24025823893 5.87104073492
6.03278797702 5.56623569039 5.56372587105
6.00121657329 5.66341882581 5.59963018952
6.13064712987 6.12346889985 5.6010556472
6.1538798375 6.07069001723 5.77492986351
6.16280449765 5.98437842366 5.66017324178
6.2869080555 6.02292467096 5.82966153289
6.17337796683 5.88722003983 5.62330665379
6.09911458909 5.7116447287 5.69520436386
6.26500399382 6.21977234043 5.70857692042
6.10469597809 5.90767189915 5.64271458568
6.34401291068 6.02068814875 5.91244094402
6.41553412475 6.14769232244 5.85142402196
6.30358774541 6.04905588003 5.74101811909
6.33739690733 6.25638419066 5.81061588543
6.03287230874 6.01026867532 5.51471002919
6.4751532286 6.24758027762 6.04731379264
6.1894135895 5.66497984054 5.63297768727
6.39599234431 5.90541365373 5.83685959227
6.31487879142 6.24441173171 5.92904209976
6.1729109261 5.98523406737 5.71934225777
6.00623544699 5.57897504859 5.48653464127
6.1193261159 5.89745150842 5.60454550466
6.23200016751 5.79751833988 5.72334109387
6.2420050783 6.1631683894 5.75140701367
6.22934464551 5.88635235999 5.83687624083
6.02803653051 5.72598527051 5.58139630962
6.47950793675 6.26804187486 5.91165469139
6.38234444509 5.96932513571 5.88442165813
6.40962084082 6.20056829991 6.00239495665
6.24198466274 6.18369903332 5.81027893395
6.29619781346 5.84479977807 5.81872376218
6.26008199356 5.70910958322 5.70745277924
6.11178348488 5.72071765962 5.61980847237
6.08414969711 5.9445136879 5.68906616494
6.00111361494 5.80239217023 5.62369170851
6.30571785045 6.26610930026 5.81412624358
6.01035484863 5.73429771016 5.64245339185
6.3819946783 6.07342351272 5.9823801362
6.17494539776 5.93296978126 5.73315186441
6.45071740381 6.00692311127 5.89988697309
6.48848989388 6.32118618761 6.03007816649
6.17751405228 6.10069255662 5.72080587434
6.41660329582 6.05383633205 6.01181919077
6.19975044349 5.87183000287 5.82064247584
6.17206145618 6.096706414 5.65018749468
6.1403091569 6.0250294329 5.72569197858
6.19244125833 6.16241986426 5.76817167177
6.01745485129 5.70649604873 5.65248721425
6.02779544626 5.69540185112 5.56051902614
6.20656059765 6.00353988768 5.79449032597
6.19344201133 6.11261916046 5.77656306856
6.20093113288 5.76212833979 5.7005015682
6.22785952505 6.00599046037 5.83195552236
6.02254643925 5.97151389339 5.52333211974
6.25999813684 6.0349739455 5.78615200244
6.25708147249 5.81465600639 5.80070760976
6.01602799954 5.85395911536 5.51137523159
6.30880104396 5.94218300228 5.8025655044
6.28227702214 6.20496031628 5.80588560928
6.09446216967 5.64175105128 5.58587085429
6.44470095837 5.92227573936 5.9045212311
6.14086252616 6.04800729002 5.73053273326
6.21993115997 6.03312179046 5.83327217622
6.04703047344 5.9435281808 5.50933318021
6.12044594673 5.93538733561 5.72997204855
6.39542456994 6.24615638752 5.98659031601
6.25982769676 6.00578389079 5.87718329736
6.39716398869 6.02977295989 5.8776413747
6.1783276976 5.87851124734 5.78366329457
6.1719834247 5.88302513846 5.68378093376
6.39763674622 6.08953684303 5.93483758098
6.02516543291 5.56938960448 5.56070800978
6.29133576313 6.25149067944 5.78582341244
6.36785927749 5.99915092734 5.82717654393
6.01349030796 5.90002494324 5.57524917044
6.25834287923 5.89834985302 5.69895285392
6.03226040397 5.9628912255 5.62791704299
6.4736556238 6.36793361548 5.96308968743
6.46594893509 6.21455742355 6.00210786652
6.42431160044 6.08723814569 5.85379070052
6.36129643994 6.08080503075 5.92864493875
6.43429115377 6.13916771076 5.94819395832
6.31077441174 5.78270898533 5.74967277717
6.43654532164 6.32895320789 5.90182809495
6.43460294034 6.35273277017 6.0121427389
6.07193925546 5.91618570219 5.62689310442
6.06306518813 5.654531882 5.59819946829
6.08849950282 5.91598243112 5.56814831793
6.40708132076 5.97297276521 5.92664045414
6.04815486169 5.66720738228 5.61290200024
6.35222768416 5.98095414838 5.78860891309
6.45189574867 6.08139706102 6.02653000078
6.01314601298 5.6404591362 5.47244504944
6.4085262223 6.10894432697 5.94706225906
6.38125279422 6.20831974283 5.86888818632
6.01116871999 5.60799020377 5.53490439723
6.2823238568 6.14962515697 5.78677314327
6.30886285529 5.93215763885 5.91336114471
6.41849735735 6.35821351922 5.95421089226
6.32769423173 5.93461840123 5.77883348498
6.39345665716 6.06038170461 5.99931244981
6.06005554826 5.72117257259 5.63613344591
6.37126058471 6.32950467247 5.96622504154
6.29820969798 5.84421903047 5.79105366837
6.45868751647 6.19545868818 5.97679264011
6.32712934262 6.20649322223 5.89003877846
6.04432342365 5.91302981725 5.55391448748
6.18085015429 5.80835474699 5.79272818168
6.15950874068 6.06812044123 5.71436934766
6.00428074625 5.66027160865 5.58833374987
6.26342231534 6.00654941911 5.72789496567
6.2195513129 5.88994595369 5.77219743782
6.39232836494 6.02756332986 5.98125439198
6.43454363449 6.37070673569 5.95640737033
6.40411446062 6.26275889877 5.96305052685
6.22049873142 6.15913977371 5.80771629043
6.0671801598 5.60413248871 5.58048956138
6.12008999586 6.05699002627 5.68198986871
6.42138343814 6.41056468636 5.91620178731
6.35877788241 6.29418238794 5.9412211643
6.38023447534 6.06338006124 5.88406266164
6.40491992072 6.25996695838 5.83450993465
6.27738231061 6.00928821621 5.74726378149
6.0346579415 5.59702046683 5.5660184359
6.26599484544 6.01509099102 5.75762262102
6.14780495484 5.96395880492 5.71056299647
6.24219653451 5.86127934225 5.70675107482
6.19960740097 5.89471880419 5.78411901942
6.05920466509 5.96863899915 5.53814227499
6.40724303025 6.00568801587 5.93137011734
6.18880902279 6.03313538221 5.80933604968
6.19492490419 6.06149054264 5.81076594337
6.36732251149 6.17982092021 5.93690785217
6.41316102026 6.04180970933 5.87252738946
6.12687300106 5.87847253115 5.60858954615
6.38946711723 6.27134561048 5.95645672942
6.08443622297 5.66982325872 5.66478931459
6.16419612661 5.75977015574 5.74186891709
6.20842299168 5.7516493892 5.73055203481
6.4426509365 6.1007007923 5.9562471197
6.27261386199 6.06224687004 5.79041555696
6.01838827929 5.56714171416 5.51731648065
6.32419858759 6.29343215286 5.9009023299
6.17426762308 5.73641050653 5.66055413952
6.33323349288 6.03740680514 5.87654413921
6.29649547872 5.87481022881 5.84488620842
6.2609222159 5.86793035355 5.79195053368
6.17517854122 6.12061585507 5.75107454987
6.4371879555 6.12110691859 5.94742669234
6.33875460623 6.15957254354 5.81275491724
6.3195762309 6.17435506879 5.76745379654
6.06616871785 5.71309908694 5.67375846983
6.19084383502 5.9460894694 5.79187413348
6.47977422731 6.24151636509 6.04420457833
6.41813682015 6.14334680285 5.90478832202
6.14195381015 5.83014840358 5.70687662672
6.26698922552 6.17528310714 5.76716680674
6.43013981842 6.19169628106 5.90658786766
6.02152798683 5.85032715727 5.59793814147
6.09838661704 5.73502300519 5.5684622321
6.20424198712 6.08716750084 5.82296501927
6.4411333252 6.10452242673 6.05061233056
6.13398050689 5.84146813117 5.58427948502
6.22475926399 6.11364336177 5.79464005087
6.20359123941 5.92217477062 5.64660746797
6.26119055434 6.2434430798 5.76409606057
6.38135860306 6.2476894104 5.97646408179
6.19059398314 6.03749546868 5.68491646119
6.36298386137 5.88133701819 5.79586641748
6.40850163255 6.39533106112 5.94824204287
6.46947021606 6.37668053582 5.92305148559
6.16081725103 5.80075853569 5.77613237125
6.31366541863 6.0556211835 5.88247041366
6.17547244116 5.9642472104 5.68129111124
6.03272421271 5.73780290364 5.64842486874
6.16665217858 5.86811381085 5.64309948261
6.1502014059 5.80477442933 5.68899899833
6.47050405429 6.23684686942 6.03992460856
6.43839081952 6.38575712228 5.97495771531
6.00616697455 5.8942153037 5.57465395195
6.01072177169 5.96410366883 5.56654654029
6.31694662434 5.7841589511 5.7613851769
6.01571719158 5.79384584969 5.60169334595
6.12549922594 5.63430261734 5.60715281494
6.1963338812 5.74053376298 5.70946992912
6.36708742325 5.98715517859 5.98371108758
6.14873857369 5.99938827802 5.5972935185
6.22665232655 5.95647794022 5.77573607436
6.4060246228 6.03199389014 5.94037058039
6.3658938093 6.17671783944 5.82926181112
6.04300809388 5.81976006351 5.50364914363
6.1341723533 5.74436919955 5.64448764425
6.11819612906 5.96807658634 5.66000048158
6.22302045268 5.90529009636 5.71509994727
6.13101918749 5.93797437581 5.70242575378
6.26503232676 6.14036713876 5.70807878647
6.04868351122 5.6740966758 5.56449074303
6.20036503291 5.80307842994 5.69063378444
6.40288311403 6.11795218912 5.97196546512
6.32508404389 6.05103247971 5.91379250034
6.46012366447 5.97762200587 5.97663607175
6.06436328536 6.05041360955 5.68257484001
6.11998660746 5.87834376823 5.74693734767
6.486816412 6.40316002491 5.94530799198
6.42166208408 6.37448201216 6.02617096543
6.21539262222 5.95031805339 5.74418150827
6.25900709713 6.24935469134 5.87346962293
6.02583057962 5.92441180877 5.63431813091
6.11375516035 6.08546381517 5.61673847959
6.00575222333 5.63400572624 5.59624185891
6.25108300338 5.97126964052 5.75074383286
6.04937518086 5.76444098997 5.53344593859
6.2122389072 5.87773349345 5.78622419868
6.09505980244 5.70664437405 5.59426260036
6.17026528587 6.16672296562 5.74112972422
6.45695395948 6.13713052191 6.01883685303
6.14830850116 6.02523659613 5.66146634813
6.18912288635 5.84871773862 5.81018117944
6.31014246467 6.09193723035 5.86812756783
6.00371819525 5.7824142065 5.55990859635
6.49314133528 6.40923125458 6.09099326228
6.01682156634 5.84179582586 5.53038909223
6.04744438571 5.90591193875 5.53782258754
6.43158448287 6.28248459403 5.96581191544
6.21000146885 6.03726906372 5.67702224759
6.29579328551 6.17304068837 5.8433733912
6.21200656709 5.98230724425 5.78173039443
6.34245210332 5.84464806503 5.81979987044
6.40275768119 6.20115372541 5.93419790387
6.37975252032 6.29317104662 5.86198741827
6.33142981824 6.04507138919 5.87010976328
6.0339450225 5.85810443484 5.6664952086
6.34433157697 5.92524095611 5.79201128892
6.14921921796 5.79066559113 5.63467284471
6.48209963199 6.1471691235 6.04584707722
6.25141342699 6.18996192685 5.82778930518
6.29611144251 6.04303704219 5.74104534245
6.02120120451 5.7191815984 5.56129546085
6.44865565582 6.19464816942 5.96239924727
6.48057986229 6.12471856296 5.97298009795
6.19982416275 5.85386437296 5.79109882712
6.37552878631 6.14233026248 5.91551372899
6.20062439491 6.08456957823 5.76474387025
6.07474888849 5.95644704208 5.69776828233
6.16551122354 6.13946785676 5.7788464036
6.15301270197 5.89452187861 5.68333346351
6.34196057223 5.94223731631 5.93248140552
6.01842718318 5.50983946549 5.47878974682
6.33124191713 6.06935181242 5.85480768621
6.09719428103 5.94987388745 5.69109590497
6.18374068194 5.85182183667 5.64870542171
6.36935876959 6.2705062603 5.87256272693
6.45588948765 6.17823141206 5.94814205782
6.40781874713 6.30121711844 5.98667865255
6.288093937 6.06576447939 5.90622163122
6.0922307807 5.78803103557 5.70526949539
6.16839728554 6.02702528642 5.7136711594
6.34058826511 5.98959193667 5.80507623608
6.05375745878 5.91714327078 5.5882715316
6.35680811625 5.94174181293 5.86279213496
6.44314241498 6.1833884096 5.90320966737
6.46528983679 6.40246726677 5.93453608553
6.43639513819 6.17811840213 5.89802690006
6.30857836761 6.06422667593 5.81980631304
6.1768634123 6.04532212595 5.68098326395
6.39062081492 5.99435525903 5.9623664302
6.32622230012 6.10376191429 5.7859090596
6.47083345608 6.13391263031 5.93267633441
6.1099217183 5.90092806426 5.73341584207
6.46178782931 6.2894727381 5.93908630512
6.32254724586 5.88859404562 5.78703303476
6.03729664295 5.7961274219 5.60969869727
6.22623423852 6.16711106681 5.79384746497
6.45863600534 6.25257827698 6.00171747847
6.06346875474 5.90767723132 5.64783948005
6.28971325032 5.79581726056 5.78567238409
6.25400370805 6.22524555674 5.81497147344
6.01987235326 5.85675279385 5.48356907218
6.07397211334 5.82857010745 5.67226758033
6.3569496026 6.32523238105 5.96457872792
6.02023398026 5.64377484544 5.53532286577
6.24472390547 5.96810256437 5.82258660838
6.23440550851 6.1608002842 5.74773838474
6.31214057698 5.93250001703 5.75268182168
6.45361164559 6.11718606778 5.99877311798
6.30567824111 6.01907628489 5.85124765186
6.17113658705 6.01432475351 5.68250555067
6.46640048401 6.2116131616 5.97656838093
6.09791454191 6.08940183783 5.56802061675
6.01038525556 5.55087402922 5.49370993035
6.12267578044 5.66230597024 5.63354666887
6.38559126135 6.27139053967 5.96404130049
6.18945646063 5.88247434882 5.6874134108
6.27642163483 5.90195423696 5.81128668449
6.16786200971 6.12909422107 5.62371831201
6.33404615758 6.1396445899 5.7684432575
6.11387460203 5.74920259696 5.7433755933
6.15382573499 6.02864271237 5.61121541012
6.44016408156 5.91642618429 5.88861578612
6.23746383301 5.87004879404 5.72718173242
6.19937887597 5.90190577783 5.71518218091
6.12816619252 6.03199261704 5.71907295899
6.07591833157 6.04179286375 5.57689331638
6.23209383393 5.73651087157 5.72749593163
6.47711706104 6.30896377289 6.05987908469
6.20119496299 6.14683900957 5.67631072402
6.03556195103 5.86535086259 5.53552073086
6.32285956335 5.91485500089 5.8835433247
6.2843270142 6.23727762338 5.84838644918
6.20027828241 5.73607617177 5.72682913232
6.27168887635 6.26385435676 5.89348184371
6.04949148383 5.8955630771 5.57916282685
6.46737379192 6.14825395963 6.0697088592
6.05581594362 6.01510407135 5.59015224219
6.01410103821 5.96206733021 5.50327775094
6.42709255074 6.34646724489 5.93760447626
6.31386537534 6.09900709157 5.8947748772
6.26756163462 6.19338450673 5.87640791387
6.14781857724 6.07877023857 5.63810816282
6.26055578361 5.9053836441 5.77897889022
6.17110326786 5.95606793058 5.63197752758
6.15689694439 5.92472711029 5.63622559586
6.2149201935 6.18601105706 5.69100795449
6.10179025779 5.64530526922 5.63074199349
6.36611653113 6.33625718653 5.84586819956
6.40979307052 6.23891268678 5.91334232326
6.09953050934 5.7695462104 5.63028563633
6.11063309269 6.0436641974 5.65964344323
6.22352285688 5.84490686079 5.69629039391
6.24214880498 5.92422265531 5.70685969676
6.26813469542 5.98964905028 5.89177514134
6.35125959674 5.98775408695 5.94588637331
6.17030921457 5.90956913756 5.71671804855
6.21669830204 6.14587130675 5.84209879991
6.31133060968 5.923275927 5.86174492314
6.48589372052 6.40360541249 5.9995902681
6.44659887124 6.42427664638 5.9658888982
6.43171650587 6.04764905259 5.90356699094
6.40835320852 6.33141555247 5.83312992718
6.47364392199 6.18170534959 5.9252499704
6.2402107902 5.86906818349 5.72292550637
6.28648451574 6.14784617159 5.90570286336
6.11726904002 5.98363273492 5.65743052636
6.38725413446 6.02587368502 5.98183260261
6.37437324356 6.11815193578 5.98854230492
6.00185576185 5.61697193455 5.54584420093
6.39648239603 6.00811812869 5.84457111083
6.1087205584 5.77923635186 5.68703352668
6.00468925124 5.7465067147 5.50265666691
6.46494879828 6.42617673558 5.96737365026
6.49192631126 6.32723493576 6.01405905915
6.02279570389 5.84456953094 5.58093217959
6.47639786615 6.09599698596 6.02323831052
6.03081684726 5.68236497679 5.62275596678
6.1827013813 6.05482955306 5.75352043354
6.42798756349 6.14230061316 5.85788874578
6.37787769403 6.04862108809 5.85499662843
6.39890820365 6.1259283566 5.82756342191
6.04662843209 5.64432117841 5.54066034789
6.05137108797 5.77990874314 5.61230832631
6.48187164264 6.39227104606 5.93813999533
6.09410211929 5.81505007768 5.5483769204
6.24568211239 5.86708460851 5.73740991993
6.24075014074 5.92115263303 5.81341360022
6.45722093534 6.42422838736 5.94183012586
6.09329332232 5.98472681585 5.70551319588
6.26712290517 6.24533445168 5.86971459713
6.04645404701 5.78457258849 5.64777116643
6.31956766264 6.05141223511 5.81563540567
6.03239268821 5.82153479769 5.59980820359
6.44810774967 6.44314450026 6.01338878554
6.20338794876 5.99816766467 5.78811307821
6.47351990631 6.25606152481 5.91664849674
6.10650918051 5.92590539381 5.69393458195
6.0688953832 5.71925177514 5.65837710971
6.14389156601 5.68619269255 5.61684295534
6.31561582016 5.872407619 5.77299555531
6.22663273569 6.04212556459 5.76467838205
6.25573777266 5.81095792985 5.78454108261
6.22118779961 6.15699206538 5.75596929236
6.09598182756 6.01852214408 5.55990772653
6.10994772922 5.618698587 5.60687138444
6.4626011036 6.11378248879 5.93565321383
6.0321309737 5.68331339963 5.57658593407
6.13896867902 5.82287247382 5.64533260339
6.41944759082 6.02146351721 5.94760889285
6.03991562208 5.81289798791 5.67428839081
6.09335794187 6.03008369064 5.57063122085
6.21000709525 6.19683435995 5.71904514123
6.1316829184 5.78686563958 5.59311292456
6.10757041346 5.6681204984 5.62272148335
6.41181526047 6.15318567685 6.02299050782
6.06764067927 5.80104628439 5.60899548366
6.25058196956 5.89909820851 5.79585247128
6.05780451092 6.03067523877 5.52666973466
6.43183290405 6.33946393955 5.88558708718
6.36970786958 6.06803713871 5.93349406369
6.22744605187 6.13692200415 5.76755775266
6.18136087943 5.99257981981 5.79852832961
6.11496748316 5.70915118746 5.64437674888
6.00184692596 5.9510948193 5.62718843495
6.0551211329 5.97408755818 5.64308797117
6.2606012021 5.8302358867 5.76326140468
6.11431486064 5.98687066858 5.65139225995
6.29162083026 6.08051204071 5.849163653
6.34269720576 6.14908504167 5.79847298421
6.36656036584 6.14511301726 5.95795040034
6.18130434117 5.78889775095 5.75257169263
6.29857806017 6.06674845685 5.74393043431
6.29934044526 6.13385015109 5.74025888428
6.16091560655 5.83941076648 5.7662322537
6.41893371561 6.18824381118 5.86524947052
6.034883034 5.947332762 5.57879213172
6.2504118862 5.99375136874 5.80446495092
6.42448480029 5.89643550082 5.89562135948
6.37906730674 6.35770268142 5.81342024216
6.02130411276 5.73225321626 5.48087158566
6.16871029056 6.08682206439 5.76301901454
6.49537335629 6.1633227819 6.09504949628
6.46464248493 6.03863198342 6.02718274726
6.35598241186 6.05852935086 5.81321356199
6.30165719901 5.96797240605 5.74578205965
6.30068817204 5.91545063772 5.79161726231
6.49253503428 6.20770615095 6.09948619901
6.36498771273 5.87753258304 5.86542064639
6.04949176908 6.00743109001 5.51666305242
6.07603859272 5.82660161143 5.56785952231
6.36266316085 6.3211490719 5.92191794698
6.11902914656 5.9669462545 5.61765419086
6.42615948979 6.19817561199 5.92121276484
6.37877265081 6.34328797713 5.94138978129
6.41986209953 6.24192546051 5.86519695557
6.38873692903 6.11967098335 5.93071587734
6.26055179619 5.79800080551 5.76345812535
6.47879190544 6.39491987758 6.06223173837
6.01403872359 5.9611426188 5.62148390009
6.20577180958 6.10414742738 5.7172507697
6.18420132112 6.03203827822 5.80512558078
6.31231098215 6.16614236206 5.74422864053
6.09164457203 5.64357099991 5.59637729195
6.35526351832 6.08179466692 5.84711017369
6.26007997104 6.08350979161 5.79987519197
6.21829703163 5.95613110877 5.79984741105
6.24000927514 5.78017626674 5.77441291672
6.05353129753 6.00563544332 5.57394362773
6.20171754984 5.96992094649 5.72430335051
6.42818617975 6.36079660194 5.99827840861
6.16577374344 6.02711238916 5.79088307507
6.39954487257 6.13018353484 5.89132552308
6.29750848321 5.9111526949 5.86162129199
6.3414696462 6.26828411507 5.8839639781
6.04813506838 5.62943821905 5.60189036738
6.31297027532 6.25361898558 5.7792912294
6.48358816998 6.36456910531 6.0162700662
6.06097000666 5.78531572778 5.66317426688
6.1064360841 5.98156440578 5.57000531521
6.11220034463 5.79451572754 5.60689458084
6.29066060174 6.19918252064 5.8887829692
6.29366507276 6.28144793767 5.80357638716
6.31283413772 5.84818795769 5.74599929785
6.07774921524 5.91809874765 5.6721857587
6.03181864647 5.96562655897 5.51537277525
6.42374992228 6.24562210312 5.95803821915
6.30253933141 5.96742891033 5.85020806357
6.43804373079 6.07037405779 6.02078152285
6.10277878752 6.07138182923 5.68405360382
6.21209320125 6.07413801406 5.70135060917
6.39957529506 5.97869034986 5.87356801785
6.20366412283 5.80459031297 5.78344901935
6.02991544067 5.63806343851 5.57034286912
6.16982489671 6.10635696914 5.72322694158
6.22842767347 6.17965354399 5.69875455081
6.1303564399 5.89881328303 5.65745744888
6.17049451737 6.12997766573 5.68456857162
6.4880897918 6.46414431283 6.09064223172
6.31088836325 6.07284487771 5.77379027929
6.02000012333 5.59382764221 5.56061175744
6.11478936746 5.77230408859 5.67113495774
6.18164271715 5.8584830011 5.75952418537
6.44555446029 6.37807785441 6.04498415109
6.44934512148 6.30757652159 6.04597895003
6.12473214728 5.68358378305 5.61712704237
6.11364333507 6.02625892319 5.68188074719
6.44099908685 6.26093023161 5.98102405771
6.14295796883 6.13465660864 5.76806190261
6.30075087897 6.23025862437 5.79035472068
6.26985981404 6.11588047826 5.83712136967
6.02511046445 5.77745523599 5.60686077124
6.07451151349 5.9018506606 5.67738735341
6.37576258071 6.114008078 5.8239086588
6.22500897878 5.9441812311 5.68564240094
6.27041112365 6.2698387531 5.86480028829
6.33303314543 6.31577284216 5.85499262982
6.13845229059 5.747454911 5.72039687311
6.14717806818 6.10011579831 5.71486103183
6.40492087808 6.02611967549 5.97463583633
6.2025478882 5.69843045606 5.6640690314
6.43192722244 6.05957149985 5.8876736163
6.31468056193 6.26972727314 5.8103841823
6.32338197213 6.22024550774 5.80847969832
6.34004150761 6.25427319008 5.88312116087
6.2987570802 6.02195271719 5.91167370099
6.05562627463 5.63233052117 5.58003241345
6.37351597832 5.90355432144 5.87807529062
6.31201619045 6.16300362556 5.85533906698
6.43863825273 6.42104941805 5.87462554326
6.2464998708 5.91783402924 5.78508641766
6.34194839753 6.29298983263 5.77877885209
6.42018743014 6.1738134221 5.88376511412
6.4782267027 6.37845432073 5.9623410178
6.33788610939 6.32395459441 5.77841305915
6.07588513893 5.88148143401 5.66111428649
6.13069940524 6.00069025653 5.59115486129
6.33417058652 5.95457687211 5.9271007458
6.31954029857 6.20569372884 5.88305370614
6.23830837956 5.87703513465 5.79628445695
6.09828034346 6.00650952364 5.67385853958
6.06182437191 5.82080114755 5.56586666957
6.19081552752 6.123368834 5.8047157252
6.44440406968 6.24847395016 5.91734400754
6.49476654902 6.47930178546 6.0143699906
6.43933443487 5.97458211677 5.96503079516
6.1008154762 5.73325368593 5.65523876788
6.15738531372 6.00699229296 5.72073284519
6.07027259035 5.72635180517 5.55324688349
6.38501029869 6.14351466169 5.8116581912
6.40749926201 6.00580424415 5.84134329586
6.46378290721 6.09556371346 6.03576517945
6.03031052984 5.65602891868 5.55225855375
6.12300847555 5.8561691681 5.59214947245
6.33157922582 6.1339187344 5.82482982893
6.35509259101 6.31155078163 5.90443659025
6.08354625947 5.74272044293 5.62635718272
6.49394915452 6.49089061726 6.0258619605
6.1871173354 5.99700626388 5.6903923274
6.29596255544 5.89818695593 5.84017260982
6.38261460989 6.13843259658 5.89767492049
6.1434575296 6.07123645611 5.73564545153
6.20992703343 5.77925144636 5.67632951632
6.15389427163 5.84847991579 5.77911839044
6.45636383462 6.36041927189 5.95084741959
6.22966341927 6.12963808566 5.74922222375
6.13663758131 5.89498224184 5.69580596528
6.01705608531 5.91395440024 5.6245057191
6.47122812364 6.30121001315 5.93573050404
6.43787406942 6.28785561011 6.01881260553
6.05788533147 5.85146011829 5.69343489754
6.36473044709 6.34813112918 5.87441404034
6.13973890883 6.1061421671 5.73833155956
6.37726760942 6.31560954275 5.93215192968
6.25645759626 5.85950555892 5.81700234251
6.10434172498 5.85295068229 5.64255068989
6.41168101591 6.13119367347 5.92275201138
6.49934828951 6.45341408019 6.06457566142
6.4992759817 6.15674921117 6.00548605323
6.2385174071 5.95415713379 5.77516671619
6.3167618516 6.07691257498 5.85167615336
6.08310677477 5.88395048687 5.66575536707
6.41117799453 6.26187887092 5.85554877969
6.06992503652 5.75146284533 5.67625277433
6.31476830198 6.19846773849 5.86450635055
6.33963533757 6.06874781975 5.95152290151
6.44253699172 6.00068521633 5.88265798889
6.46478300969 6.08353039656 5.89235568261
6.38290159692 5.92509606165 5.83738697122
6.07783895917 5.7016768068 5.5333437081
6.43038347895 6.3767322685 5.88528521971
6.24492322114 6.10417915043 5.81964090617
6.17227496795 5.68853247046 5.61756937771
6.11558869993 6.0167566005 5.69614525449
6.3752758926 6.30900723981 5.85814450137
6.39501830223 6.32029542895 5.87923373918
6.18495203692 6.03395373914 5.78819487993
6.29002827883 6.03846985842 5.80562889118
6.1766157233 5.80533542247 5.67421792686
6.33835403584 6.11528313497 5.95350629446
6.24464940699 6.11737293202 5.68692093337
6.35174178955 6.11585554822 5.87421653978
6.22212492404 6.08847562238 5.8470183562
6.30168704015 5.79436545978 5.79361662349
6.20199753144 5.73209182112 5.67750604539
6.06083722672 5.68010159861 5.6366222895
6.34235527566 5.92585018721 5.87771947501
6.32215769543 6.11825400414 5.82858724439
6.47505224622 6.31899912399 5.97892901299
6.36981192307 5.8325800453 5.82314560763
6.3368352234 6.12501514706 5.80252779994
6.36584903431 6.33225054064 5.95514700306
6.09971613027 5.69942338956 5.56107695936
6.08576241509 5.6572772427 5.59397439388
6.45499992754 5.9828904723 5.91663148085
6.38823676795 6.22407416681 5.85724809281
6.06606769291 5.85517972075 5.69481307875
6.14719596518 6.06100291009 5.72214710812
6.21799324336 5.90283967285 5.7892281541
6.29588901482 6.29073294993 5.84537661892
6.29173188249 6.07792772222 5.74611775873
6.28807972059 5.89696221508 5.87519328142
6.49944135239 6.12923143903 5.9858231581
6.49723312474 6.49487300795 5.9326932573
6.15213518967 6.0951162863 5.68027641004
6.00923968487 5.93540351675 5.60894431074
6.36594348879 6.31892901378 5.82669772607
6.17034954633 6.00470904488 5.76696250139
6.14901724585 5.88718069785 5.76446729251
6.03105427248 5.62181277634 5.59387801738
6.20730367828 5.88851208952 5.81113907194
6.33533600533 5.97828936 5.8017501134
6.26337091205 5.75053979696 5.7451637652
6.04416433482 6.00966065945 5.51118793308
6.41307092556 6.26458348875 5.92871433816
6.07882628171 5.85611705557 5.70458843584
6.07089582411 5.72421289092 5.65560766087
6.28813411273 6.20790686137 5.81104513383
6.36932582012 6.27063360709 5.96273230495
6.4321323726 6.37323748682 6.01988054705
6.04908812941 5.65609451416 5.62129198308
6.36972167154 6.3242711575 5.88733420886
6.0416751164 5.77552293963 5.64931462516
6.39191195301 6.25532709263 5.99953481738
6.04824179877 5.72944159217 5.56903249423
6.39202659616 6.32106143868 5.96491083547
6.21607846409 6.03879081295 5.77930519641
6.24591776665 6.13487453548 5.83643988808
6.41349763423 6.28646718508 5.97422094405
6.17012758254 5.81045060179 5.62906274162
6.17204961541 5.96961625534 5.76737843458
6.44793911853 6.21513896637 6.04441308093
6.26591112461 6.20699401409 5.86904399213
6.0761413266 5.87851665405 5.64698892735
6.32168223282 6.04560565782 5.91135849034
6.26507217062 6.13045501939 5.75803868622
6.08310922254 5.78644059287 5.6976551895
6.28748369339 6.26579561325 5.84496170723
6.48595180497 6.11426715081 6.06318773018
6.03138226517 6.00161874694 5.64946806258
6.4088024679 5.96143147654 5.84769232934
6.42563780868 6.09492154462 5.98454512975
6.41413018175 6.05905822101 5.88653778621
6.3268336685 6.27978105591 5.91755815304
6.1469135637 5.97758960239 5.73076284362
6.06274841831 5.66121293564 5.56402165963
6.25213038068 5.88443114895 5.73134758851
6.19021886338 6.17063213157 5.7482325746
6.07213531683 5.80299670631 5.69477479616
6.22401485248 5.89445333961 5.79240924035
6.28776309943 5.91142590324 5.84634948054
6.37847376518 6.26859577181 5.92188989953
6.25322956689 6.19696904953 5.77272291128
6.43960227211 6.24773176604 5.87789407073
6.20132732848 5.91401552638 5.67025929041
6.03748601675 5.66924810972 5.66415150625
6.07472206166 5.88595911067 5.68359071
6.18466577791 6.16108645767 5.77574898384
6.45474950582 6.39930473373 6.03526374406
6.42602369169 6.41870072469 5.9793162602
6.26282670204 6.21202620761 5.82746277926
6.43409642149 6.29337955773 5.92176476693
6.00269800324 5.60316794757 5.59181579936
6.12731576318 5.86604448033 5.71454720195
6.21634163609 6.20969381697 5.78496734402
6.4287754 5.97452146007 5.96833394803
6.31669138101 6.1379210537 5.86694152318
6.26746113099 6.04064105137 5.71766713468
6.19445558838 6.18534993859 5.75454424096
6.24763801096 5.74010044728 5.7144672292
6.24147028352 6.03940911179 5.68811256211
6.05314399479 5.75944097774 5.67279309978
6.44422207079 5.8781099092 5.87705533041
6.15046995967 5.72915911237 5.67102338714
6.10596172785 5.91068881551 5.592085962
6.10284404469 5.71110355266 5.63110634018
6.22584968299 5.83902139983 5.73306530729
6.46576962182 6.09530486993 5.88980947211
6.38753072998 6.10454968641 5.9276671324
6.1959720812 6.14620406561 5.67167569
6.23793351281 5.732645916 5.70367966478
6.23127602418 5.71137830577 5.69284449132
6.16483999136 6.03102199799 5.61544522094
6.03587499232 5.73079074796 5.61800708539
6.46733343454 6.4128520171 6.03630058928
6.3985722877 6.19320559027 5.84742888112
6.46685449609 6.25110538844 5.91769886826
6.31778423595 6.23487729226 5.86637100098
6.11333721556 5.89255632258 5.57234865307
6.44328599366 6.26962435167 6.05387608957
6.25184212218 6.10800230256 5.76813418124
6.04195953676 5.63679238923 5.63411791446
6.16456800407 5.92449500787 5.7053593459
6.26898369441 6.19343405743 5.80706305606
6.33544777405 6.17191167868 5.79833479133
6.08501425596 5.91514441157 5.56947701101
6.08413734804 5.69933462734 5.59818998814
6.40249550337 5.89642428259 5.86890210756
6.34564374019 6.06298525134 5.95664722021
6.07549005652 6.06014480536 5.68890160816
6.26600787289 6.19885727363 5.77944806539
6.01947249114 5.92020866531 5.60842250533
6.20111176437 6.18070232468 5.70410553279
6.16066074156 5.85524703487 5.69460625044
6.10704197216 6.04561820245 5.65794059754
6.1211016636 6.03268709277 5.61938356861
6.21245578878 6.11399409889 5.77886679028
6.02084204263 5.94956165375 5.58536580671
6.02302208691 5.86743000475 5.48349557637
6.08486531643 5.80740132318 5.70679874111
6.06771736201 5.71361858759 5.54289735572
6.16332738232 6.02076355353 5.76471750921
6.22126702948 5.90005860411 5.74882085725
6.23027686272 5.90668639665 5.75326103354
6.04678976119 5.55292747993 5.50380341608
6.09321889185 5.75846569008 5.62894154535
6.13834118055 6.13529853915 5.74603142369
6.22200561281 5.81590573426 5.81418943027
6.00250871315 5.61640073849 5.5730680289
6.48711204498 6.38449365826 6.026295462
6.13990600925 5.94862764077 5.6742803507
6.13561561576 5.75065198181 5.70406581926
6.46251202703 6.45847505651 5.97487616518
6.21666971299 6.15090731668 5.77555203376
6.06268423763 6.01794225964 5.56307710631
6.40355796075 6.25941989628 5.93907643203
6.02093708875 5.88450543608 5.53289589231
6.38345604425 6.26146739871 5.97547010092
6.15221389606 5.65548302843 5.60989155739
6.38918919685 6.07400459291 5.96766483065
6.47422755455 6.08469172909 6.02599916552
6.45121856119 6.02343538086 5.97090982493
6.41775234172 6.09816878924 6.01365004537
6.38070653588 6.27204831168 5.87012404347
6.41830563379 6.12812160375 5.99659994614
6.3532738608 6.05946555237 5.92011631638
6.21451767561 5.98580801015 5.78082853984
6.27139554645 5.77635085932 5.7244347208
6.07712919992 5.90279879744 5.6688208693
6.4514404265 6.05800772441 5.95041669843
6.13547876291 6.13332279519 5.65942168264
6.46228978266 6.2523674235 5.90881443097
6.30452050324 5.98243216706 5.77543096461
6.23801708463 5.94637288471 5.79916949297
6.02360433033 5.60336540366 5.55990301282
6.3264129943 6.2589675546 5.94241616173
6.25124217889 6.2305493731 5.74527347715
6.39370353478 6.1653002112 5.86067367304
6.20165671917 6.13352663625 5.79856381433
6.23375282971 5.99105807403 5.78722853541
6.00135102328 5.63898165787 5.54739569632
6.40898707599 6.10018574897 5.85192969595
6.46900371248 6.23876626946 5.94444556693
6.00596675843 5.91306399787 5.59423579082
6.46417062085 6.16880721976 5.96322942687
6.329359494 5.98898147868 5.88317805464
6.36436974235 5.94101948025 5.8885322173
6.16075089682 5.93803130062 5.7584293115
6.498297393 6.11492151657 5.96735600598
6.24362746701 5.94010054049 5.7686573755
6.12620086248 5.77436340947 5.6137249505
6.03627178626 5.95738565902 5.63060205554
6.4062484445 6.24740668915 5.95769572025
6.09203671428 6.02400694893 5.56271970909
6.0026101603 5.57967895085 5.4719833514
6.19185784385 5.78796190162 5.76345311214
6.33869016205 5.89304054164 5.78333370506
6.30661932247 6.29538915646 5.80773535477
6.21600411421 6.01230513685 5.67606410672
6.46842275067 6.13893039949 6.06443069438
6.25605557955 6.02574451279 5.76206102987
6.01833592262 5.79172231202 5.65499314174
6.26145615035 5.96842556405 5.80610988234
6.12110426496 5.84454184717 5.71439257377
6.13287507172 6.03420815895 5.75854238082
6.20844474463 6.18567382896 5.67223981236
6.12601451645 5.95094438066 5.61292836634
6.12077813662 6.05779371814 5.69766251776
6.13729119424 5.80492407528 5.71449934628
6.16243705561 5.95359423191 5.75531286945
6.24859301011 6.01979974775 5.73320691784
6.09017574111 5.65031823502 5.5898946392
6.38895966937 6.26808949265 5.95878292589
6.22214651424 5.88340666192 5.73919462332
6.08614220506 5.83494196307 5.71595379733
6.3360533459 5.94536265049 5.93230481965
6.13441679471 5.94061781323 5.62514347318
6.27462223353 5.81337370127 5.7795766881
6.02949049788 5.9196108718 5.5553537018
6.25792724657 6.13673920991 5.87282948104
6.2345366843 6.0348329528 5.69504589483
6.42898313642 6.34105383061 6.03374709434
6.30316130046 5.93855494127 5.78246450623
6.39352573969 6.33245174067 5.99937802177
6.18740092727 5.99539083857 5.68117004418
6.03537085041 5.62836624088 5.49248654397
6.04329303646 5.90902267848 5.50315071261
6.33776725716 6.04232321459 5.86545067545
6.22630399888 6.11391150603 5.67916153653
6.15681298552 6.08578791865 5.70248477614
