00000(NVB)     328
00000(IDR)   86824   20  45.368  46.995  48.118       194       0    FRM    3
00001( P )    2488   20  44.666  46.835  47.977       243      37    FRM    2
00002( P )   27104   16  46.147  47.473  48.602       328      72    FRM    2
00003( P )   87160   12  49.148  49.658  50.341       409     120    FRM    2
00004( P )  145168    8  52.317  51.877  52.253       472     134    FRM    2
00005(NVB)     328
00005(IDR)  106536   18  46.487  47.895  48.809       204       0    FRM    3
00006( P )    4328   18  45.644  47.672  48.650       256      35    FRM    2
00007( P )   37160   14  47.258  48.399  49.310       342      74    FRM    2
00008( P )  124568   10  50.799  50.812  51.275       435     112    FRM    2
00009( P )   84648    8  51.651  51.284  51.789       479     136    FRM    2
00010(NVB)     328
00010(IDR)  134200   16  47.739  48.552  49.489       211       0    FRM    3
00011( P )   15296   16  46.999  48.286  49.256       280      35    FRM    2
00012( P )   61456   12  48.815  49.301  50.187       357      71    FRM    2
00013( P )  168984    8  52.758  52.224  52.657       463     107    FRM    2
00014( P )   86312    8  52.805  52.042  52.501       459     131    FRM    2
00015(NVB)     328
00015(IDR)  164496   14  49.070  49.534  50.305       232       0    FRM    3
00016( P )   37888   14  48.461  49.239  50.069       289      35    FRM    2
00017( P )   86000   10  50.117  50.185  50.958       394      74    FRM    2
00018( P )  163720    8  52.729  52.245  52.626       466     111    FRM    2
00019( P )   96248    8  52.806  52.138  52.529       469     138    FRM    2
00020(NVB)     328
00020(IDR)  202968   12  50.569  50.742  51.276       245       0    FRM    3
00021( P )   49456   12  50.084  50.239  50.934       311      35    FRM    2
00022( P )   75448    9  50.989  50.889  51.506       397      69    FRM    2
00023( P )   92400    8  51.543  51.275  51.932       441      99    FRM    2
00024( P )   87808    8  51.553  51.338  51.892       475     132    FRM    2
00025(NVB)     328
00025(IDR)  249632   10  52.125  51.870  52.214       254       0    FRM    3
00026( P )   69216   10  51.748  51.345  51.691       341      34    FRM    2
00027( P )   70792   10  51.744  51.276  51.717       370      69    FRM    2
00028( P )   73336   10  51.763  51.336  51.751       406     103    FRM    2
00029( P )   72648   10  51.728  51.299  51.701       434     136    FRM    2
00030(NVB)     328
00030(IDR)  278712    9  52.988  52.519  52.868       268       0    FRM    3
00031( P )   79336    9  52.590  51.779  52.165       350      34    FRM    2
00032( P )   42896   12  51.179  51.173  51.636       342      68    FRM    2
00033( P )   33360   13  50.485  50.918  51.479       359      98    FRM    2
00034( P )   28712   14  50.122  50.727  51.332       383     130    FRM    2
00035(NVB)     328
00035(IDR)  224208   11  51.264  51.158  51.672       245       0    FRM    3
00036( P )   55352   11  50.601  50.584  51.250       323      36    FRM    2
00037( P )   59632   11  50.817  50.613  51.295       358      71    FRM    2
00038( P )   51432   12  50.524  50.475  51.104       382     103    FRM    2
00039( P )   49712   12  50.452  50.479  51.119       404     130    FRM    2
00040(NVB)     328
00040(IDR)  225128   11  51.361  51.259  51.729       267       0    FRM    3
00041( P )   56584   11  50.888  50.683  51.306       315      33    FRM    2
00042( P )   66336   10  51.320  51.055  51.584       374      69    FRM    2
00043( P )   62936   10  51.316  51.081  51.584       401      95    FRM    2
00044( P )   62848   10  51.345  51.048  51.554       437     127    FRM    2
00045(NVB)     328
00045(IDR)  277064    9  53.021  52.525  52.862       275       0    FRM    3
00046( P )   75392    9  52.601  51.870  52.262       345      34    FRM    2
00047( P )   43992   12  51.250  51.153  51.682       347      66    FRM    2
00048( P )   35400   13  50.681  50.959  51.519       353      97    FRM    2
00049( P )   24544   14  50.111  50.774  51.410       374     121    FRM    2
00050(NVB)     328
00050(IDR)  224816   11  51.344  51.253  51.741       256       0    FRM    3
00051( P )   46280   11  50.754  50.724  51.221       321      33    FRM    2
00052( P )   61104   10  51.248  50.984  51.546       378      69    FRM    2
00053( P )   62336   10  51.286  51.029  51.546       404      94    FRM    2
00054( P )   65488   10  51.346  50.994  51.562       440     127    FRM    2
00055(NVB)     328
00055(IDR)  276808    9  53.041  52.518  52.825       273       0    FRM    3
00056( P )   72688    9  52.577  51.780  52.244       351      36    FRM    2
00057( P )   38760   12  51.227  51.160  51.645       353      65    FRM    2
00058( P )   43440   12  51.218  51.063  51.610       362      94    FRM    2
00059( P )   29016   14  50.225  50.759  51.397       373     128    FRM    2
00060(NVB)     328
00060(IDR)  223296   11  51.335  51.158  51.731       251       0    FRM    3
00061( P )   59336   11  50.881  50.630  51.256       314      35    FRM    2
00062( P )   70392   10  51.329  50.990  51.478       375      67    FRM    2
00063( P )   43256   12  50.462  50.490  51.174       373      98    FRM    2
00064( P )   53264   11  50.750  50.604  51.251       432     133    FRM    2
00065(NVB)     328
00065(IDR)  250736   10  52.199  51.938  52.291       264       0    FRM    3
00066( P )   69760   10  51.808  51.382  51.783       351      36    FRM    2
00067( P )   54144   11  51.328  51.078  51.536       356      67    FRM    2
00068( P )   46576   12  50.800  50.887  51.374       378      98    FRM    2
00069( P )   52984   12  51.035  50.816  51.383       410     137    FRM    2
00070(NVB)     328
00070(IDR)  251184   10  52.210  51.978  52.278       259       0    FRM    3
00071( P )   75384   10  51.848  51.383  51.737       340      37    FRM    2
00072( P )   52040   12  50.953  50.884  51.353       346      68    FRM    2
00073( P )   40000   13  50.337  50.643  51.170       359      97    FRM    2
00074( P )   25440   14  49.734  50.407  50.975       381     128    FRM    2
00075(NVB)     328
00075(IDR)  225984   11  51.307  51.208  51.726       253       0    FRM    3
00076( P )   59472   11  50.851  50.677  51.327       332      35    FRM    2
00077( P )   61152   11  50.896  50.724  51.271       360      70    FRM    2
00078( P )   53568   12  50.528  50.530  51.172       389     108    FRM    2
00079( P )   54464   12  50.529  50.480  51.149       412     137    FRM    2
00080(NVB)     328
00080(IDR)  223072   11  51.268  51.251  51.783       260       0    FRM    3
00081( P )   59760   11  50.849  50.795  51.351       324      34    FRM    2
00082( P )   56816   11  50.863  50.808  51.387       361      70    FRM    2
00083( P )   69512   10  51.289  51.048  51.636       425     104    FRM    2
00084( P )   47448   12  50.508  50.619  51.218       416     131    FRM    2
00085(NVB)     328
00085(IDR)  252224   10  52.185  51.933  52.304       258       0    FRM    3
00086( P )   72824   10  51.829  51.378  51.806       346      37    FRM    2
00087( P )   48664   12  50.990  50.893  51.343       347      72    FRM    2
00088( P )   47360   12  50.915  50.832  51.302       382     103    FRM    2
00089( P )   47512   12  50.894  50.832  51.316       414     132    FRM    2
00090(NVB)     328
00090(IDR)  224144   11  51.303  51.207  51.726       254       0    FRM    3
00091( P )   58280   11  50.876  50.737  51.351       328      35    FRM    2
00092( P )   56016   11  50.810  50.770  51.388       359      72    FRM    2
00093( P )   57736   11  50.920  50.765  51.365       390     100    FRM    2
00094( P )   48576   12  50.552  50.543  51.179       410     136    FRM    2
00095(NVB)     328
00095(IDR)  251984   10  52.217  51.972  52.326       257       0    FRM    3
00096( P )   71624   10  51.875  51.409  51.812       334      33    FRM    2
00097( P )   44248   12  50.935  50.901  51.407       337      66    FRM    2
00098( P )   50264   11  51.326  51.016  51.523       382      97    FRM    2
00099( P )   49136   11  51.287  51.133  51.516       418     129    FRM    2
00100(NVB)     328
00100(IDR)  251064   10  52.147  51.960  52.229       270       0    FRM    3
00101( P )   66072   10  51.785  51.328  51.791       328      34    FRM    2
00102( P )   48072   11  51.267  51.079  51.601       352      66    FRM    2
00103( P )   50760   11  51.274  51.030  51.551       387     100    FRM    2
00104( P )   48856   12  50.973  50.885  51.349       408     131    FRM    2
00105(NVB)     328
00105(IDR)  250336   10  52.159  51.966  52.252       261       0    FRM    3
00106( P )   71312   10  51.820  51.393  51.761       358      37    FRM    2
00107( P )   42904   12  50.899  50.836  51.339       342      66    FRM    2
00108( P )   46024   12  50.894  50.755  51.331       383     102    FRM    2
00109( P )   46712   12  50.907  50.859  51.313       435     139    FRM    2
00110(NVB)     328
00110(IDR)  223048   11  51.341  51.273  51.714       260       0    FRM    3
00111( P )   52512   11  50.849  50.712  51.276       327      36    FRM    2
00112( P )   69064   10  51.350  51.068  51.546       394      70    FRM    2
00113( P )   49480   11  50.886  50.727  51.318       386      95    FRM    2
00114( P )   51352   11  50.916  50.772  51.322       431     136    FRM    2
00115(NVB)     328
00115(IDR)  251072   10  52.139  51.950  52.277       263       0    FRM    3
00116( P )   64304   10  51.762  51.342  51.736       340      34    FRM    2
00117( P )   48528   11  51.270  51.043  51.503       363      66    FRM    2
00118( P )   45472   11  51.302  51.062  51.526       375      90    FRM    2
00119( P )   58088   10  51.792  51.347  51.745       424     120    FRM    2
00120(NVB)     328
00120(IDR)  250168   10  52.153  51.901  52.293       281       0    FRM    3
00121( P )   63072   10  51.761  51.362  51.781       340      35    FRM    2
00122( P )   47456   11  51.231  51.040  51.572       353      66    FRM    2
00123( P )   47800   11  51.249  51.060  51.516       390      95    FRM    2
00124( P )   47912   11  51.306  51.124  51.597       465     142    FRM    2
00125(NVB)     328
00125(IDR)  250408   10  52.164  51.922  52.360       268       0    FRM    3
00126( P )   64104   10  51.782  51.416  51.818       343      35    FRM    2
00127( P )   47800   11  51.283  51.060  51.624       359      69    FRM    2
00128( P )   49288   11  51.295  51.105  51.588       398      98    FRM    2
00129( P )   53176   11  51.320  51.109  51.572       427     128    FRM    2
00130(NVB)     328
00130(IDR)  249592   10  52.176  51.924  52.304       264       0    FRM    3
00131( P )   67792   10  51.802  51.485  51.785       350      37    FRM    2
00132( P )   52360   11  51.307  51.145  51.515       354      65    FRM    2
00133( P )   41088   12  50.832  50.906  51.386       376      98    FRM    2
00134( P )   45032   12  50.936  50.937  51.416       412     130    FRM    2
00135(NVB)     328
00135(IDR)  248760   10  52.132  51.992  52.307       262       0    FRM    3
00136( P )   77120   10  51.822  51.433  51.814       350      38    FRM    2
00137( P )   51296   12  50.892  50.814  51.386       372      77    FRM    2
00138( P )   50424   12  50.896  50.834  51.410       384     103    FRM    2
00139( P )   28752   14  49.837  50.498  51.173       387     126    FRM    2
00140(NVB)     328
00140(IDR)  225016   11  51.266  51.221  51.722       269       0    FRM    3
00141( P )   56696   11  50.904  50.685  51.318       337      36    FRM    2
00142( P )   66432   10  51.275  51.020  51.571       391      68    FRM    2
00143( P )   50776   11  50.909  50.739  51.308       388      95    FRM    2
00144( P )   49704   11  50.835  50.707  51.381       423     130    FRM    2
00145(NVB)     328
00145(IDR)  250552   10  52.114  51.971  52.281       266       0    FRM    3
00146( P )   66072   10  51.716  51.361  51.727       337      34    FRM    2
00147( P )   65536   10  51.758  51.403  51.793       393      69    FRM    2
00148( P )   40280   12  50.908  50.872  51.379       381      98    FRM    2
00149( P )   41856   12  50.881  50.886  51.409       416     128    FRM    2
00150(NVB)     328
00150(IDR)  251728   10  52.150  51.975  52.260       276       0    FRM    3
00151( P )   68256   10  51.781  51.352  51.731       354      38    FRM    2
00152( P )   53680   11  51.234  51.047  51.553       364      67    FRM    2
00153( P )   45256   12  50.842  50.827  51.371       384      98    FRM    2
00154( P )   47344   12  50.899  50.888  51.360       408     129    FRM    2
00155(NVB)     328
00155(IDR)  250528   10  52.131  51.902  52.204       268       0    FRM    3
00156( P )   72592   10  51.815  51.383  51.768       355      36    FRM    2
00157( P )   45848   12  50.752  50.791  51.311       342      66    FRM    2
00158( P )   43840   12  50.710  50.854  51.273       378      98    FRM    2
00159( P )   47792   12  50.852  50.871  51.365       416     131    FRM    2
00160(NVB)     328
00160(IDR)  223720   11  51.289  51.146  51.754       251       0    FRM    3
00161( P )   55592   11  50.814  50.692  51.305       319      36    FRM    2
00162( P )   71512   10  51.367  50.956  51.569       386      68    FRM    2
00163( P )   47656   12  50.599  50.505  51.212       373     100    FRM    2
00164( P )   45960   12  50.547  50.518  51.151       429     138    FRM    2
00165(NVB)     328
00165(IDR)  250632   10  52.156  51.910  52.264       263       0    FRM    3
00166( P )   65144   10  51.820  51.387  51.835       341      34    FRM    2
00167( P )   64456   10  51.811  51.346  51.841       367      64    FRM    2
00168( P )   40992   12  50.941  50.826  51.402       371      97    FRM    2
00169( P )   40784   12  50.928  50.762  51.427       414     128    FRM    2
00170(NVB)     328
00170(IDR)  250568   10  52.131  51.918  52.308       267       0    FRM    3
00171( P )   60328   10  51.754  51.305  51.700       336      33    FRM    2
00172( P )   58040   10  51.742  51.371  51.729       371      64    FRM    2
00173( P )   44056   11  51.315  51.082  51.537       408      96    FRM    2
00174( P )   44280   11  51.303  51.081  51.582       446     131    FRM    2
00175(NVB)     328
00175(IDR)  250280   10  52.123  51.952  52.220       264       0    FRM    3
00176( P )   63088   10  51.747  51.420  51.763       356      37    FRM    2
00177( P )   63136   10  51.751  51.412  51.747       387      70    FRM    2
00178( P )   42912   12  50.952  50.901  51.355       380     102    FRM    2
00179( P )   42368   12  50.817  50.911  51.287       410     133    FRM    2
00180(NVB)     328
00180(IDR)  250192   10  52.114  51.988  52.357       266       0    FRM    3
00181( P )   65832   10  51.749  51.436  51.855       345      35    FRM    2
00182( P )   50608   11  51.311  51.140  51.625       359      68    FRM    2
00183( P )   48664   11  51.282  51.124  51.595       396     105    FRM    2
00184( P )   37080   12  50.848  50.878  51.443       413     128    FRM    2
00185(NVB)     328
00185(IDR)  249920   10  52.124  51.901  52.288       283       0    FRM    3
00186( P )   62152   10  51.748  51.344  51.788       349      35    FRM    2
00187( P )   64936   10  51.738  51.413  51.805       385      67    FRM    2
00188( P )   40216   12  50.816  50.840  51.357       369      93    FRM    2
00189( P )   39528   12  50.904  50.820  51.430       409     130    FRM    2
00190(NVB)     328
00190(IDR)  250352   10  52.156  51.897  52.296       268       0    FRM    3
00191( P )   62392   10  51.777  51.342  51.839       335      33    FRM    2
00192( P )   57928   10  51.742  51.386  51.807       405      69    FRM    2
00193( P )   57416   10  51.767  51.380  51.788       414      99    FRM    2
00194( P )   35152   12  50.856  50.851  51.447       394     125    FRM    2
00195(NVB)     328
00195(IDR)  250248   10  52.128  51.896  52.227       270       0    FRM    3
00196( P )   60152   10  51.705  51.394  51.769       333      33    FRM    2
00197( P )   61376   10  51.761  51.365  51.778       364      63    FRM    2
00198( P )   49664   11  51.252  51.070  51.552       382      93    FRM    2
00199( P )   39416   12  50.844  50.812  51.390       398     126    FRM    2
00200(NVB)     328
00200(IDR)  249792   10  52.137  51.881  52.276       259       0    FRM    3
00201( P )   63552   10  51.759  51.337  51.776       346      35    FRM    2
00202( P )   62360   10  51.754  51.350  51.769       362      63    FRM    2
00203( P )   37728   12  50.857  50.827  51.429       365      92    FRM    2
00204( P )   38440   12  50.860  50.852  51.425       402     125    FRM    2
00205(NVB)     328
00205(IDR)  250120   10  52.127  51.840  52.248       260       0    FRM    3
00206( P )   66120   10  51.758  51.317  51.727       350      35    FRM    2
00207( P )   68480   10  51.795  51.340  51.736       370      67    FRM    2
00208( P )   46280   12  50.884  50.834  51.371       367     100    FRM    2
00209( P )   35728   13  50.265  50.636  51.130       392     126    FRM    2
00210(NVB)     328
00210(IDR)  250568   10  52.133  51.923  52.332       257       0    FRM    3
00211( P )   70048   10  51.765  51.339  51.791       345      34    FRM    2
00212( P )   47272   12  50.857  50.816  51.386       338      66    FRM    2
00213( P )   48792   12  50.852  50.776  51.371       373     101    FRM    2
00214( P )   49896   12  50.886  50.793  51.366       402     130    FRM    2
00215(NVB)     328
00215(IDR)  223880   11  51.293  51.172  51.703       249       0    FRM    3
00216( P )   59384   11  50.829  50.694  51.312       330      38    FRM    2
00217( P )   60848   11  50.926  50.676  51.356       364      69    FRM    2
00218( P )   51640   12  50.550  50.540  51.135       384     105    FRM    2
00219( P )   51248   12  50.517  50.539  51.163       429     139    FRM    2
00220(NVB)     328
00220(IDR)  225384   11  51.265  51.220  51.674       248       0    FRM    3
00221( P )   56816   11  50.802  50.769  51.315       340      35    FRM    2
00222( P )   71648   10  51.318  51.048  51.588       375      65    FRM    2
00223( P )   46080   12  50.472  50.546  51.162       385      99    FRM    2
00224( P )   57096   11  50.870  50.777  51.351       442     134    FRM    2
00225(NVB)     328
00225(IDR)  252880   10  52.151  51.932  52.258       262       0    FRM    3
00226( P )   68552   10  51.756  51.371  51.786       335      36    FRM    2
00227( P )   53504   11  51.339  51.139  51.500       363      70    FRM    2
00228( P )   44560   12  50.939  50.875  51.359       366      94    FRM    2
00229( P )   42872   12  50.883  50.877  51.382       400     124    FRM    2
00230(NVB)     328
00230(IDR)  252440   10  52.123  51.952  52.361       268       0    FRM    3
00231( P )   66480   10  51.793  51.373  51.795       341      33    FRM    2
00232( P )   53856   11  51.344  51.091  51.542       354      66    FRM    2
00233( P )   42928   12  50.828  50.882  51.319       367      97    FRM    2
00234( P )   45888   12  50.844  50.861  51.333       407     128    FRM    2
00235(NVB)     328
00235(IDR)  253112   10  52.118  51.929  52.290       255       0    FRM    3
00236( P )   72320   10  51.823  51.331  51.843       350      34    FRM    2
00237( P )   46064   12  50.819  50.853  51.342       334      66    FRM    2
00238( P )   47688   12  50.851  50.806  51.338       383     101    FRM    2
00239( P )   30888   13  50.130  50.666  51.214       390     121    FRM    2
00240(NVB)     328
00240(IDR)  226456   11  51.271  51.233  51.707       253       0    FRM    3
00241( P )   57968   11  50.828  50.744  51.280       322      33    FRM    2
00242( P )   59824   11  50.947  50.799  51.330       354      68    FRM    2
00243( P )   57672   11  50.933  50.735  51.360       391     101    FRM    2
00244( P )   57688   11  50.981  50.736  51.368       430     132    FRM    2
00245(NVB)     328
00245(IDR)  252352   10  52.170  51.952  52.274       257       0    FRM    3
00246( P )   71656   10  51.843  51.288  51.801       335      34    FRM    2
00247( P )   46064   12  50.882  50.837  51.332       349      69    FRM    2
00248( P )   47168   12  50.840  50.864  51.317       364      93    FRM    2
00249( P )   50224   12  50.872  50.822  51.314       405     129    FRM    2
00250(NVB)     328
00250(IDR)  224000   11  51.263  51.238  51.710       254       0    FRM    3
00251( P )   56992   11  50.846  50.682  51.305       321      33    FRM    2
00252( P )   58160   11  50.858  50.721  51.336       357      69    FRM    2
00253( P )   57480   11  50.789  50.653  51.266       393      99    FRM    2
00254( P )   46984   12  50.544  50.543  51.189       398     123    FRM    2
00255(NVB)     328
00255(IDR)  252640   10  52.152  51.886  52.348       261       0    FRM    3
00256( P )   64728   10  51.832  51.338  51.738       343      35    FRM    2
00257( P )   49568   11  51.338  51.034  51.488       343      62    FRM    2
00258( P )   55352   11  51.326  51.070  51.546       391      99    FRM    2
00259( P )   49704   12  50.956  50.835  51.404       411     132    FRM    2
00260(NVB)     328
00260(IDR)  251288   10  52.139  51.910  52.336       267       0    FRM    3
00261( P )   71304   10  51.774  51.384  51.864       342      33    FRM    2
00262( P )   46232   12  50.907  50.794  51.390       350      67    FRM    2
00263( P )   45544   12  50.876  50.785  51.491       382     100    FRM    2
00264( P )   29472   13  50.197  50.676  51.287       410     131    FRM    2
00265(NVB)     328
00265(IDR)  222496   11  51.267  51.149  51.759       255       0    FRM    3
00266( P )   53720   11  50.875  50.701  51.334       321      33    FRM    2
00267( P )   66736   10  51.305  50.992  51.615       389      70    FRM    2
00268( P )   64576   10  51.314  51.011  51.561       411      97    FRM    2
00269( P )   48400   11  50.887  50.696  51.383       416     125    FRM    2
00270(NVB)     328
00270(IDR)  249768   10  52.115  51.935  52.312       267       0    FRM    3
00271( P )   61608   10  51.759  51.378  51.786       332      31    FRM    2
00272( P )   63280   10  51.775  51.423  51.807       360      62    FRM    2
00273( P )   49488   11  51.313  51.072  51.623       390      99    FRM    2
00274( P )   44264   12  50.979  50.873  51.526       397     125    FRM    2
00275(NVB)     328
00275(IDR)  250568   10  52.125  51.932  52.290       258       0    FRM    3
00276( P )   72000   10  51.798  51.352  51.803       353      36    FRM    2
00277( P )   52904   12  51.034  50.787  51.446       362      72    FRM    2
00278( P )   53112   12  50.957  50.809  51.392       388     105    FRM    2
00279( P )   42072   13  50.315  50.592  51.220       400     134    FRM    2
00280(NVB)     328
00280(IDR)  222736   11  51.240  51.223  51.771       250       0    FRM    3
00281( P )   58480   11  50.844  50.868  51.310       352      36    FRM    2
00282( P )   57776   11  50.906  50.878  51.360       362      71    FRM    2
00283( P )   58592   11  50.914  50.854  51.361       403     101    FRM    2
00284( P )   48304   12  50.527  50.620  51.208       430     140    FRM    2
00285(NVB)     328
00285(IDR)  248496   10  52.130  51.942  52.344       262       0    FRM    3
00286( P )   72168   10  51.831  51.430  51.807       332      36    FRM    2
00287( P )   44168   12  50.829  50.869  51.385       356      71    FRM    2
00288( P )   44640   12  50.929  50.922  51.408       376      97    FRM    2
00289( P )   44712   12  50.867  50.896  51.368       413     131    FRM    2
00290(NVB)     328
00290(IDR)  221960   11  51.259  51.197  51.709       249       0    FRM    3
00291( P )   57704   11  50.833  50.694  51.377       333      35    FRM    2
00292( P )   68432   10  51.307  51.024  51.638       387      70    FRM    2
00293( P )   50960   11  50.846  50.784  51.361       391      96    FRM    2
00294( P )   67040   10  51.289  51.043  51.625       453     135    FRM    2
00295(NVB)     328
00295(IDR)  248592   10  52.126  51.936  52.209       280       0    FRM    3
00296( P )   68192   10  51.782  51.366  51.751       351      34    FRM    2
00297( P )   50232   11  51.283  51.086  51.574       359      67    FRM    2
00298( P )   40264   12  50.875  50.887  51.393       386     100    FRM    2
00299( P )   37704   12  50.791  50.884  51.419       395     125    FRM    2