00000(NVB)     328
00000(IDR)  209800   20  42.684  47.383  48.672       272       0    FRM    3
00001( P )  101296   20  41.417  47.206  48.627       377      49    FRM    2
00002( P )   56736   24  38.439  47.089  48.513       402     111    FRM    2
00003( P )   56992   25  37.752  46.965  48.406       457     174    FRM    2
00004( P )   48648   26  36.886  46.917  48.430       504     232    FRM    2
00005(NVB)     328
00005(IDR)  181424   22  41.148  46.840  48.116       249       0    FRM    3
00006( P )   83832   22  39.815  46.644  47.998       358      49    FRM    2
00007( P )   66664   24  38.616  46.558  47.836       390     108    FRM    2
00008( P )   67704   24  38.549  46.391  47.778       469     166    FRM    2
00009( P )   59144   25  37.936  46.392  47.675       512     234    FRM    2
00010(NVB)     328
00010(IDR)  166440   23  40.085  46.320  47.578       271       0    FRM    3
00011( P )   65968   23  38.842  46.281  47.468       386      53    FRM    2
00012( P )   83720   23  39.222  46.176  47.442       437     117    FRM    2
00013( P )   65320   24  38.625  46.124  47.275       446     160    FRM    2
00014( P )   71136   24  38.744  46.087  47.245       505     220    FRM    2
00015(NVB)     328
00015(IDR)  168752   23  40.204  46.238  47.391       240       0    FRM    3
00016( P )   69904   23  39.368  46.100  47.329       331      46    FRM    2
00017( P )   84112   23  39.485  46.160  47.296       418     109    FRM    2
00018( P )   71560   24  38.863  46.092  47.182       462     165    FRM    2
00019( P )   74552   24  38.958  46.103  47.124       521     228    FRM    2
00020(NVB)     328
00020(IDR)  167520   23  40.322  46.243  47.437       244       0    FRM    3
00021( P )   74176   23  39.452  46.008  47.415       344      50    FRM    2
00022( P )   72880   24  38.821  45.961  47.185       397     109    FRM    2
00023( P )   71320   24  38.777  45.980  47.220       453     160    FRM    2
00024( P )   62000   25  38.018  45.913  47.172       510     228    FRM    2
00025(NVB)     328
00025(IDR)  170616   23  40.293  46.087  47.334       247       0    FRM    3
00026( P )   79344   23  39.587  46.007  47.214       350      48    FRM    2
00027( P )   73184   24  38.963  45.952  47.233       396     107    FRM    2
00028( P )   72968   24  38.830  45.811  47.099       449     166    FRM    2
00029( P )   65552   25  38.092  45.689  46.932       503     218    FRM    2
00030(NVB)     328
00030(IDR)  174472   23  40.218  46.099  47.201       247       0    FRM    3
00031( P )   78592   23  39.592  45.911  47.015       357      52    FRM    2
00032( P )   74160   24  38.974  45.838  46.855       410     109    FRM    2
00033( P )   63000   25  38.201  45.618  46.695       444     161    FRM    2
00034( P )   68328   25  38.277  45.647  46.674       503     224    FRM    2
00035(NVB)     328
00035(IDR)  173848   23  40.327  46.011  47.039       240       0    FRM    3
00036( P )   79624   23  39.512  45.854  46.976       347      49    FRM    2
00037( P )   75128   24  38.844  45.756  46.881       394     109    FRM    2
00038( P )   68120   25  38.275  45.623  46.756       447     161    FRM    2
00039( P )   70248   25  38.250  45.662  46.784       509     222    FRM    2
00040(NVB)     328
00040(IDR)  174560   23  40.252  45.870  47.018       248       0    FRM    3
00041( P )   88360   23  39.712  45.822  46.959       344      49    FRM    2
00042( P )   64984   25  38.418  45.691  46.870       378     109    FRM    2
00043( P )   70888   25  38.341  45.715  46.874       442     163    FRM    2
00044( P )   39840   27  36.243  45.621  46.748       470     217    FRM    2
00045(NVB)     328
00045(IDR)  155560   24  39.342  45.662  46.867       243       0    FRM    3
00046( P )   78360   24  38.956  45.580  46.661       334      49    FRM    2
00047( P )   86424   24  39.027  45.569  46.612       406     117    FRM    2
00048( P )   65472   25  38.377  45.468  46.542       458     177    FRM    2
00049( P )   76976   24  38.841  45.533  46.531       507     218    FRM    2
00050(NVB)     328
00050(IDR)  169672   23  40.369  45.988  47.100       245       0    FRM    3
00051( P )   85184   23  39.739  45.911  46.943       347      49    FRM    2
00052( P )   81832   24  38.981  45.792  46.790       408     110    FRM    2
00053( P )   76536   25  38.264  45.700  46.643       462     171    FRM    2
00054( P )   46120   27  36.389  45.525  46.436       492     227    FRM    2
00055(NVB)     328
00055(IDR)  159128   24  39.538  45.625  46.778       233       0    FRM    3
00056( P )   83512   24  39.011  45.578  46.663       337      51    FRM    2
00057( P )   87168   24  38.896  45.535  46.646       404     115    FRM    2
00058( P )   78600   25  38.240  45.390  46.541       470     176    FRM    2
00059( P )   59376   26  36.741  45.166  46.280       519     237    FRM    2
00060(NVB)     328
00060(IDR)  164600   24  39.420  45.442  46.605       242       0    FRM    3
00061( P )   88560   24  38.866  45.364  46.421       352      53    FRM    2
00062( P )   88152   25  38.213  45.166  46.225       401     115    FRM    2
00063( P )   61408   27  36.344  45.002  46.026       457     179    FRM    2
00064( P )   49000   28  35.117  44.762  45.902       498     237    FRM    2
00065(NVB)     328
00065(IDR)  151648   25  38.588  45.290  46.235       233       0    FRM    3
00066( P )   71648   25  38.312  45.256  46.232       339      51    FRM    2
00067( P )   82328   24  39.029  45.330  46.358       392     112    FRM    2
00068( P )   71848   25  38.792  45.379  46.294       439     176    FRM    2
00069( P )   66088   25  38.959  45.600  46.417       497     230    FRM    2
00070(NVB)     328
00070(IDR)   95296   24  40.896  45.949  47.187       199       0    FRM    3
00071( P )   43568   24  40.315  45.716  47.054       291      49    FRM    2
00072( P )   75816   22  41.270  45.619  46.886       390     111    FRM    2
00073( P )  156424   19  42.954  46.137  47.377       524     179    FRM    2
00074( P )  107976   23  39.991  44.696  46.217       531     215    FRM    2
00075(NVB)     328
00075(IDR)  201816   22  41.362  45.135  46.662       253       0    FRM    3
00076( P )   92904   22  40.350  44.904  46.498       359      48    FRM    2
00077( P )   45496   26  37.426  44.410  46.072       368     105    FRM    2
00078( P )   80280   25  38.454  44.336  46.032       448     161    FRM    2
00079( P )   25840   29  35.361  44.115  45.756       462     215    FRM    2
00080(NVB)     328
00080(IDR)  173096   24  39.403  44.131  45.683       239       0    FRM    3
00081( P )   89864   24  38.971  43.996  45.581       350      52    FRM    2
00082( P )   52592   25  38.348  43.905  45.537       382     106    FRM    2
00083( P )   75584   24  39.017  43.926  45.582       457     160    FRM    2
00084( P )   73968   24  39.241  44.041  45.607       514     221    FRM    2
00085(NVB)     328
00085(IDR)  165944   23  40.738  44.637  46.270       245       0    FRM    3
00086( P )   78976   23  40.431  44.541  46.197       338      49    FRM    2
00087( P )   85320   24  38.947  44.129  45.835       413     112    FRM    2
00088( P )   66992   25  38.297  43.971  45.602       454     158    FRM    2
00089( P )   69504   25  38.246  43.843  45.552       510     219    FRM    2
00090(NVB)     328
00090(IDR)  185680   23  40.245  44.544  45.944       248       0    FRM    3
00091( P )   99360   23  39.664  44.392  45.866       355      51    FRM    2
00092( P )   61968   25  38.226  44.129  45.568       400     107    FRM    2
00093( P )   52416   26  37.426  44.041  45.592       433     161    FRM    2
00094( P )   44504   27  36.920  43.838  45.318       502     222    FRM    2
00095(NVB)     328
00095(IDR)  169880   24  39.518  44.019  45.742       243       0    FRM    3
00096( P )   80192   24  38.936  43.825  45.478       339      49    FRM    2
00097( P )   75216   24  38.830  43.841  45.442       410     110    FRM    2
00098( P )   62808   25  38.399  43.783  45.356       450     161    FRM    2
00099( P )   72664   24  39.043  43.807  45.514       506     212    FRM    2
00100(NVB)     328
00100(IDR)  184488   23  40.313  44.387  45.907       245       0    FRM    3
00101( P )   81960   23  39.737  44.213  45.787       348      51    FRM    2
00102( P )   63800   25  38.354  43.996  45.588       398     111    FRM    2
00103( P )   62664   25  38.498  43.931  45.678       460     165    FRM    2
00104( P )   52576   25  38.521  43.974  45.623       487     208    FRM    2
00105(NVB)     328
00105(IDR)  161208   24  39.705  44.153  45.850       230       0    FRM    3
00106( P )   65544   24  39.179  44.118  45.768       337      50    FRM    2
00107( P )   73624   24  39.299  44.056  45.677       398     106    FRM    2
00108( P )   71376   24  39.233  44.050  45.646       438     152    FRM    2
00109( P )   68056   23  39.804  44.203  45.786       484     188    FRM    2
00110(NVB)     328
00110(IDR)  171400   23  40.630  44.702  46.137       248       0    FRM    3
00111( P )   72528   23  39.953  44.479  46.049       341      47    FRM    2
00112( P )   79584   23  39.837  44.551  45.998       413     110    FRM    2
00113( P )   67976   24  39.150  44.441  45.844       461     161    FRM    2
00114( P )   94008   22  40.800  44.770  46.170       511     203    FRM    2
00115(NVB)     328
00115(IDR)  187472   22  41.567  45.362  46.769       246       0    FRM    3
00116( P )   86952   22  40.822  45.204  46.574       361      49    FRM    2
00117( P )   70880   24  39.199  44.925  46.338       395     111    FRM    2
00118( P )   66584   25  38.847  44.815  46.201       443     170    FRM    2
00119( P )   49712   26  37.701  44.524  45.949       478     216    FRM    2
00120(NVB)     328
00120(IDR)  174984   23  40.434  44.725  46.400       246       0    FRM    3
00121( P )   77072   23  39.717  44.605  46.268       337      48    FRM    2
00122( P )   58992   24  39.092  44.473  46.138       375     102    FRM    2
00123( P )   82176   23  39.817  44.498  46.201       462     157    FRM    2
00124( P )   71008   24  38.989  44.411  46.044       509     220    FRM    2
00125(NVB)     328
00125(IDR)  174624   23  40.420  44.781  46.268       248       0    FRM    3
00126( P )   58968   23  39.593  44.581  46.137       333      45    FRM    2
00127( P )   70744   23  39.815  44.672  46.163       393      99    FRM    2
00128( P )   70960   23  39.774  44.637  46.130       462     162    FRM    2
00129( P )   67632   23  39.675  44.609  46.106       499     199    FRM    2
00130(NVB)     328
00130(IDR)  193016   22  41.413  45.353  46.826       257       0    FRM    3
00131( P )   67544   22  40.478  45.106  46.728       349      46    FRM    2
00132( P )   77488   22  40.599  45.117  46.718       405      99    FRM    2
00133( P )   64064   24  39.343  44.868  46.523       446     161    FRM    2
00134( P )   71944   24  39.070  44.686  46.440       500     211    FRM    2
00135(NVB)     328
00135(IDR)  188032   22  41.472  45.426  46.894       248       0    FRM    3
00136( P )   95424   22  40.831  45.293  46.778       344      48    FRM    2
00137( P )   58744   25  38.659  45.008  46.533       376     104    FRM    2
00138( P )   58096   25  38.616  44.823  46.458       452     164    FRM    2
00139( P )   59472   25  38.769  44.714  46.402       493     216    FRM    2
00140(NVB)     328
00140(IDR)  167528   23  40.522  44.816  46.476       234       0    FRM    3
00141( P )   69864   23  39.879  44.745  46.452       343      51    FRM    2
00142( P )   61680   23  39.615  44.741  46.390       396      99    FRM    2
00143( P )   80304   22  40.690  45.010  46.625       456     157    FRM    2
00144( P )   59632   23  39.873  44.959  46.502       489     197    FRM    2
00145(NVB)     328
00145(IDR)  182640   22  41.554  45.500  46.894       244       0    FRM    3
00146( P )   72720   22  40.801  45.313  46.788       358      52    FRM    2
00147( P )   76512   22  40.900  45.230  46.686       406     102    FRM    2
00148( P )   75952   22  40.755  45.183  46.684       464     155    FRM    2
00149( P )   56272   24  39.430  44.928  46.374       489     199    FRM    2
00150(NVB)     328
00150(IDR)  185544   22  41.535  45.430  46.943       247       0    FRM    3
00151( P )   75664   22  40.626  45.250  46.797       354      48    FRM    2
00152( P )   70288   22  40.532  45.100  46.751       394      97    FRM    2
00153( P )   81880   22  40.783  45.029  46.740       468     155    FRM    2
00154( P )   41216   25  38.917  44.765  46.530       455     194    FRM    2
00155(NVB)     328
00155(IDR)  188912   22  41.437  45.370  46.864       247       0    FRM    3
00156( P )   81800   22  40.828  45.286  46.640       352      48    FRM    2
00157( P )   61832   23  39.957  45.143  46.641       398     106    FRM    2
00158( P )   74008   22  40.637  45.217  46.729       448     144    FRM    2
00159( P )   57472   23  39.873  45.141  46.661       493     195    FRM    2
00160(NVB)     328
00160(IDR)  183432   22  41.546  45.355  46.851       244       0    FRM    3
00161( P )   78536   22  40.828  45.198  46.738       342      49    FRM    2
00162( P )   72912   22  40.599  45.271  46.619       393      97    FRM    2
00163( P )   56184   23  39.818  45.074  46.580       430     144    FRM    2
00164( P )   78496   22  40.653  45.118  46.608       504     196    FRM    2
00165(NVB)     328
00165(IDR)  202208   21  42.222  45.989  47.341       263       0    FRM    3
00166( P )   85080   21  41.041  45.802  47.152       353      47    FRM    2
00167( P )   61768   24  39.313  45.437  46.834       382     100    FRM    2
00168( P )   66720   24  39.226  45.263  46.663       448     157    FRM    2
00169( P )   42272   26  37.804  44.930  46.464       483     214    FRM    2
00170(NVB)     328
00170(IDR)  168032   23  40.541  44.926  46.428       239       0    FRM    3
00171( P )   72136   23  39.848  44.776  46.291       334      46    FRM    2
00172( P )   79208   23  39.838  44.790  46.329       421     111    FRM    2
00173( P )   65104   24  39.034  44.615  46.186       443     161    FRM    2
00174( P )   63088   24  39.170  44.586  46.098       485     202    FRM    2
00175(NVB)     328
00175(IDR)  168568   23  40.485  44.819  46.367       234       0    FRM    3
00176( P )   70184   23  39.906  44.779  46.215       444      68    FRM    2
00177( P )   87672   22  40.727  44.956  46.499       615     167    FRM    2
00178( P )   57376   24  39.255  44.850  46.378       671     249    FRM    2
00179( P )   78744   22  40.733  45.068  46.468       756     300    FRM    2
00180(NVB)     328
00180(IDR)  182480   22  41.636  45.519  46.985       260       0    FRM    3
00181( P )   80104   22  40.862  45.220  46.841       346      47    FRM    2
00182( P )   65416   23  40.029  44.988  46.663       389     102    FRM    2
00183( P )   66832   23  40.004  44.893  46.620       427     149    FRM    2
00184( P )   57248   24  39.377  44.744  46.418       479     200    FRM    2
00185(NVB)     328
00185(IDR)  187168   22  41.518  45.503  46.894       242       0    FRM    3
00186( P )   70056   22  40.639  45.345  46.847       342      45    FRM    2
00187( P )   74848   22  40.610  45.312  46.812       395      97    FRM    2
00188( P )   73576   23  39.968  45.162  46.740       571     216    FRM    2
00189( P )   57416   24  39.100  44.732  46.542       528     222    FRM    2
00190(NVB)     328
00190(IDR)  185680   22  41.534  45.559  46.924       279       0    FRM    3
00191( P )   80496   22  40.872  45.387  46.839       350      48    FRM    2
00192( P )   69128   23  40.133  45.266  46.651       376     102    FRM    2
00193( P )   51448   24  39.433  44.913  46.421       416     148    FRM    2
00194( P )   80552   22  40.965  45.100  46.606       512     206    FRM    2
00195(NVB)     328
00195(IDR)  182288   22  41.613  45.465  47.013       282       0    FRM    3
00196( P )   66040   22  40.636  45.291  46.907       367      51    FRM    2
00197( P )   77408   22  40.728  45.201  46.789       434     110    FRM    2
00198( P )   67696   23  39.842  45.083  46.722       463     163    FRM    2
00199( P )   54408   24  39.136  44.863  46.555       474     196    FRM    2
00200(NVB)     328
00200(IDR)  187696   22  41.494  45.487  46.802       257       0    FRM    3
00201( P )   72976   22  40.694  45.239  46.766       344      47    FRM    2
00202( P )   73344   22  40.670  45.240  46.705       407     101    FRM    2
00203( P )   60776   23  39.986  45.084  46.618       444     151    FRM    2
00204( P )   63736   23  40.106  45.018  46.658       504     202    FRM    2
00205(NVB)     328
00205(IDR)  185968   22  41.559  45.446  46.955       253       0    FRM    3
00206( P )   72184   22  40.637  45.221  46.702       342      45    FRM    2
00207( P )   67520   22  40.534  45.249  46.806       385      99    FRM    2
00208( P )   76736   22  40.806  45.356  46.858       473     157    FRM    2
00209( P )   47224   24  39.340  45.068  46.602       471     193    FRM    2
00210(NVB)     328
00210(IDR)  186184   22  41.522  45.480  46.946       249       0    FRM    3
00211( P )   82800   22  40.893  45.285  46.896       351      47    FRM    2
00212( P )   59928   23  39.926  45.164  46.727       395     105    FRM    2
00213( P )   79976   22  40.866  45.196  46.848       463     153    FRM    2
00214( P )   61688   23  39.878  45.156  46.701       485     198    FRM    2
00215(NVB)     328
00215(IDR)  187312   22  41.467  45.556  46.932       249       0    FRM    3
00216( P )   86304   22  40.805  45.277  46.910       353      52    FRM    2
00217( P )   72168   23  39.968  45.052  46.714       392     106    FRM    2
00218( P )   51064   24  39.184  44.844  46.569       442     158    FRM    2
00219( P )   67256   23  40.016  44.935  46.655       493     202    FRM    2
00220(NVB)     328
00220(IDR)  183816   22  41.548  45.445  46.949       249       0    FRM    3
00221( P )   71320   22  40.602  45.307  46.925       344      46    FRM    2
00222( P )   70288   22  40.550  45.274  46.854       418     105    FRM    2
00223( P )   76520   22  40.765  45.302  46.907       471     156    FRM    2
00224( P )   47456   24  39.331  45.123  46.823       475     197    FRM    2
00225(NVB)     328
00225(IDR)  184712   22  41.535  45.505  47.017       251       0    FRM    3
00226( P )   70144   22  40.628  45.394  46.908       341      47    FRM    2
00227( P )   71504   22  40.629  45.299  46.844       401      99    FRM    2
00228( P )   70304   22  40.694  45.313  46.943       460     152    FRM    2
00229( P )   83360   22  40.864  45.362  46.895       533     216    FRM    2
00230(NVB)     328
00230(IDR)  198792   21  42.476  46.108  47.542       246       0    FRM    3
00231( P )   74752   21  41.259  45.896  47.406       358      47    FRM    2
00232( P )   56232   23  40.136  45.565  47.171       374      95    FRM    2
00233( P )   68808   23  40.199  45.415  47.097       437     154    FRM    2
00234( P )   46224   25  38.775  45.244  46.961       466     202    FRM    2
00235(NVB)     328
00235(IDR)  184408   22  41.497  45.445  47.145       242       0    FRM    3
00236( P )   67568   22  40.524  45.290  47.101       349      46    FRM    2
00237( P )   75416   22  40.776  45.318  47.043       389     102    FRM    2
00238( P )   68368   23  39.946  45.252  46.929       447     152    FRM    2
00239( P )   53144   24  39.056  45.059  46.830       485     208    FRM    2
00240(NVB)     328
00240(IDR)  184392   22  41.475  45.547  47.097       249       0    FRM    3
00241( P )   71544   22  40.719  45.364  47.057       346      46    FRM    2
00242( P )   73976   22  40.755  45.395  47.072       396      99    FRM    2
00243( P )   70072   22  40.760  45.454  47.092       450     153    FRM    2
00244( P )   61320   23  40.101  45.361  46.996       504     202    FRM    2
00245(NVB)     328
00245(IDR)  197968   21  42.543  46.171  47.624       256       0    FRM    3
00246( P )   76248   21  41.351  45.851  47.471       351      44    FRM    2
00247( P )   77888   22  40.992  45.792  47.431       414     104    FRM    2
00248( P )   48336   24  39.448  45.542  47.134       426     151    FRM    2
00249( P )   63424   23  39.965  45.446  47.177       499     199    FRM    2
00250(NVB)     328
00250(IDR)  180840   22  41.548  45.574  46.998       242       0    FRM    3
00251( P )   78736   22  40.905  45.354  46.945       338      46    FRM    2
00252( P )   76328   22  40.753  45.307  46.871       407     101    FRM    2
00253( P )   58752   23  39.919  45.163  46.798       443     149    FRM    2
00254( P )   65960   23  40.072  45.056  46.809       497     210    FRM    2
00255(NVB)     328
00255(IDR)  182768   22  41.523  45.493  47.100       242       0    FRM    3
00256( P )   72688   22  40.702  45.441  46.981       342      47    FRM    2
00257( P )   71232   22  40.705  45.378  46.967       411     102    FRM    2
00258( P )   61216   23  40.074  45.210  46.963       439     148    FRM    2
00259( P )   61640   23  40.061  45.214  46.972       483     203    FRM    2
00260(NVB)     328
00260(IDR)  182432   22  41.550  45.509  47.064       244       0    FRM    3
00261( P )   72512   22  40.745  45.362  47.007       343      46    FRM    2
00262( P )   72640   22  40.638  45.261  46.959       408     101    FRM    2
00263( P )   76040   22  40.805  45.237  46.964       454     154    FRM    2
00264( P )   51480   24  39.337  44.916  46.679       474     199    FRM    2
00265(NVB)     328
00265(IDR)  181824   22  41.498  45.496  46.976       245       0    FRM    3
00266( P )   68440   22  40.590  45.321  46.894       342      47    FRM    2
00267( P )   78024   22  40.708  45.269  46.832       399     103    FRM    2
00268( P )   81288   22  40.896  45.316  46.876       463     158    FRM    2
00269( P )   47512   24  39.305  45.061  46.645       472     205    FRM    2
00270(NVB)     328
00270(IDR)  180744   22  41.539  45.428  47.175       240       0    FRM    3
00271( P )   71744   22  40.698  45.191  46.984       345      48    FRM    2
00272( P )   76320   22  40.785  45.254  46.914       402     103    FRM    2
00273( P )   74240   22  40.739  45.207  46.956       451     151    FRM    2
00274( P )   64784   23  40.019  44.997  46.839       491     202    FRM    2
00275(NVB)     328
00275(IDR)  197632   21  42.525  46.111  47.593       255       0    FRM    3
00276( P )   75768   21  41.458  45.922  47.520       344      45    FRM    2
00277( P )   55160   23  40.184  45.806  47.385       370      98    FRM    2
00278( P )   69816   22  40.878  45.891  47.365       456     150    FRM    2
00279( P )   45592   24  39.581  45.681  47.220       464     193    FRM    2
00280(NVB)     328
00280(IDR)  175968   22  41.596  45.579  47.183       246       0    FRM    3
00281( P )   63416   22  40.753  45.521  46.988       332      48    FRM    2
00282( P )   84008   21  41.629  45.686  47.125       415     105    FRM    2
00283( P )   74224   22  40.829  45.608  47.022       465     160    FRM    2
00284( P )   71640   22  40.829  45.505  47.034       507     207    FRM    2
00285(NVB)     328
00285(IDR)  194736   21  42.518  46.183  47.514       259       0    FRM    3
00286( P )   76528   21  41.463  45.878  47.356       348      47    FRM    2
00287( P )   72936   22  40.953  45.676  47.290       399     101    FRM    2
00288( P )   64992   23  40.175  45.483  47.153       450     158    FRM    2
00289( P )   48336   24  39.360  45.418  47.116       466     198    FRM    2
00290(NVB)     328
00290(IDR)  174192   22  41.626  45.730  47.125       238       0    FRM    3
00291( P )   76232   22  40.913  45.693  47.046       352      50    FRM    2
00292( P )   72064   22  40.908  45.614  47.054       400     102    FRM    2
00293( P )   75768   22  40.942  45.671  47.080       486     164    FRM    2
00294( P )   54840   23  40.127  45.517  46.920       477     196    FRM    2
00295(NVB)     328
00295(IDR)  189560   21  42.628  46.217  47.595       247       0    FRM    3
00296( P )   81168   21  41.677  45.846  47.543       360      47    FRM    2
00297( P )   64192   22  40.939  45.771  47.430       390      97    FRM    2
00298( P )   71000   22  41.137  45.714  47.338       461     157    FRM    2
00299( P )   53080   23  40.255  45.474  47.216       482     201    FRM    2