00000(NVB)     328
00000(IDR)  174072   20  43.539  46.750  46.970       242       0    FRM    3
00001( P )   17864   20  42.217  46.508  46.803       312      38    FRM    2
00002( P )   93568   16  45.542  47.891  48.131       417      83    FRM    2
00003( P )   46168   17  44.677  47.741  48.096       453     129    FRM    2
00004( P )  134080   13  48.257  49.462  49.937       591     193    FRM    2
00005(NVB)     328
00005(IDR)  206920   18  45.291  47.783  48.194       281       0    FRM    3
00006( P )   31928   18  43.845  47.531  48.005       329      39    FRM    2
00007( P )   95984   15  46.409  48.480  48.886       427      85    FRM    2
00008( P )   41616   17  44.858  48.142  48.509       440     126    FRM    2
00009( P )   90488   15  46.754  48.626  48.992       519     177    FRM    2
00010(NVB)     328
00010(IDR)  242952   16  47.020  48.785  48.978       276       0    FRM    3
00011( P )   62360   16  45.829  48.362  48.615       387      46    FRM    2
00012( P )   60552   16  45.824  48.404  48.607       446      91    FRM    2
00013( P )   47592   17  44.992  48.417  48.769       451     135    FRM    2
00014( P )   35224   18  44.229  48.321  48.539       473     174    FRM    2
00015(NVB)     328
00015(IDR)  247432   16  47.207  48.874  49.129       273       0    FRM    3
00016( P )   59152   16  45.853  48.351  48.711       350      39    FRM    2
00017( P )   63728   16  45.857  48.417  48.773       394      84    FRM    2
00018( P )   45896   17  45.081  48.418  48.761       429     122    FRM    2
00019( P )   48672   17  44.975  48.427  48.774       461     164    FRM    2
00020(NVB)     328
00020(IDR)  248872   16  47.272  48.945  49.176       265       0    FRM    3
00021( P )   58808   16  45.819  48.376  48.746       358      40    FRM    2
00022( P )   63360   16  45.888  48.422  48.736       395      82    FRM    2
00023( P )   44616   17  45.031  48.374  48.797       453     129    FRM    2
00024( P )   34632   18  44.262  48.318  48.654       509     184    FRM    2
00025(NVB)     328
00025(IDR)  248752   16  47.269  48.892  49.251       302       0    FRM    3
00026( P )   60968   16  45.932  48.417  48.813       412      49    FRM    2
00027( P )   62960   16  45.894  48.377  48.826       418      88    FRM    2
00028( P )   45552   17  45.040  48.473  48.892       481     138    FRM    2
00029( P )   48912   17  45.027  48.397  48.815       513     182    FRM    2
00030(NVB)     328
00030(IDR)  249784   16  47.318  48.936  49.240       265       0    FRM    3
00031( P )   58400   16  45.879  48.330  48.813       399      44    FRM    2
00032( P )   63440   16  45.989  48.387  48.808       452      94    FRM    2
00033( P )   42608   17  44.983  48.451  48.805       436     127    FRM    2
00034( P )   48808   17  45.049  48.393  48.757       492     171    FRM    2
00035(NVB)     328
00035(IDR)  248896   16  47.292  48.980  49.265       298       0    FRM    3
00036( P )   60152   16  45.882  48.397  48.800       359      41    FRM    2
00037( P )   61384   16  45.855  48.448  48.718       449      96    FRM    2
00038( P )   44824   17  45.032  48.504  48.839       527     155    FRM    2
00039( P )   35224   18  44.273  48.275  48.637       473     175    FRM    2
00040(NVB)     328
00040(IDR)  250120   16  47.293  48.876  49.264       274       0    FRM    3
00041( P )   61288   16  45.948  48.318  48.758       361      40    FRM    2
00042( P )   62000   16  45.841  48.334  48.775       403      81    FRM    2
00043( P )   46384   17  45.077  48.399  48.885       429     122    FRM    2
00044( P )   34336   18  44.270  48.298  48.702       468     171    FRM    2
00045(NVB)     328
00045(IDR)  250656   16  47.288  48.906  49.232       311       0    FRM    3
00046( P )   59816   16  45.903  48.461  48.797       408      49    FRM    2
00047( P )   62288   16  45.906  48.389  48.842       470      98    FRM    2
00048( P )   45968   17  45.130  48.460  48.824       505     143    FRM    2
00049( P )   48480   17  44.942  48.410  48.796       460     166    FRM    2
00050(NVB)     328
00050(IDR)  251120   16  47.294  48.948  49.305       271       0    FRM    3
00051( P )   60968   16  45.902  48.351  48.846       348      40    FRM    2
00052( P )   62504   16  45.882  48.450  48.772       405      81    FRM    2
00053( P )   46488   17  45.070  48.474  48.839       428     124    FRM    2
00054( P )   35264   18  44.314  48.321  48.736       453     161    FRM    2
00055(NVB)     328
00055(IDR)  252056   16  47.333  48.961  49.302       268       0    FRM    3
00056( P )   59472   16  45.924  48.392  48.779       346      38    FRM    2
00057( P )   62080   16  45.862  48.498  48.791       408      83    FRM    2
00058( P )   45704   17  45.041  48.433  48.873       422     126    FRM    2
00059( P )   34824   18  44.267  48.271  48.667       488     177    FRM    2
00060(NVB)     328
00060(IDR)  251592   16  47.270  48.977  49.256       290       0    FRM    3
00061( P )   59776   16  45.877  48.439  48.688       391      43    FRM    2
00062( P )   62696   16  45.884  48.458  48.757       439      91    FRM    2
00063( P )   46400   17  45.093  48.405  48.815       425     124    FRM    2
00064( P )   34872   18  44.293  48.355  48.752       461     168    FRM    2
00065(NVB)     328
00065(IDR)  251688   16  47.286  48.874  49.211       273       0    FRM    3
00066( P )   62264   16  45.970  48.358  48.769       360      43    FRM    2
00067( P )   62808   16  45.906  48.390  48.793       405      81    FRM    2
00068( P )   46256   17  45.069  48.398  48.840       448     129    FRM    2
00069( P )   35776   18  44.331  48.170  48.660       459     165    FRM    2
00070(NVB)     328
00070(IDR)  252184   16  47.318  48.898  49.119       278       0    FRM    3
00071( P )   62608   16  45.995  48.405  48.682       365      39    FRM    2
00072( P )   62712   16  45.903  48.408  48.666       444      91    FRM    2
00073( P )   46104   17  45.085  48.440  48.843       460     135    FRM    2
00074( P )   37152   18  44.339  48.317  48.712       474     170    FRM    2
00075(NVB)     328
00075(IDR)  251688   16  47.321  48.853  49.248       266       0    FRM    3
00076( P )   62056   16  45.910  48.354  48.749       358      40    FRM    2
00077( P )   65536   16  45.903  48.417  48.868       409      81    FRM    2
00078( P )   48264   17  45.167  48.450  48.848       425     120    FRM    2
00079( P )   36656   18  44.322  48.338  48.711       463     173    FRM    2
00080(NVB)     328
00080(IDR)  252064   16  47.331  48.934  49.233       294       0    FRM    3
00081( P )   61680   16  45.993  48.345  48.856       395      44    FRM    2
00082( P )   64856   16  45.944  48.376  48.860       408      81    FRM    2
00083( P )   33128   18  44.413  48.276  48.721       409     119    FRM    2
00084( P )   54440   17  45.103  48.404  48.835       480     168    FRM    2
00085(NVB)     328
00085(IDR)  252000   16  47.315  49.002  49.241       265       0    FRM    3
00086( P )   60264   16  45.856  48.490  48.833       354      39    FRM    2
00087( P )   47712   17  45.120  48.465  48.738       396      85    FRM    2
00088( P )   51624   17  45.104  48.379  48.731       434     123    FRM    2
00089( P )   36456   18  44.290  48.354  48.578       446     163    FRM    2
00090(NVB)     328
00090(IDR)  251816   16  47.266  48.847  49.349       284       0    FRM    3
00091( P )   61472   16  45.907  48.293  48.972       370      42    FRM    2
00092( P )   64472   16  45.953  48.332  48.830       406      84    FRM    2
00093( P )   32320   18  44.326  48.270  48.740       401     118    FRM    2
00094( P )   56592   17  45.117  48.378  48.855       476     168    FRM    2
00095(NVB)     328
00095(IDR)  252496   16  47.300  48.941  49.243       282       0    FRM    3
00096( P )   62160   16  45.920  48.350  48.815       367      40    FRM    2
00097( P )   50112   17  45.152  48.496  48.882       398      87    FRM    2
00098( P )   57560   17  45.239  48.420  48.863       427     122    FRM    2
00099( P )   39184   18  44.270  48.288  48.693       475     175    FRM    2
00100(NVB)     328
00100(IDR)  252320   16  47.306  48.787  49.317       303       0    FRM    3
00101( P )   68456   16  46.034  48.347  48.861       410      47    FRM    2
00102( P )   54320   17  45.286  48.438  49.029       422      92    FRM    2
00103( P )   40792   18  44.362  48.341  48.861       446     133    FRM    2
00104( P )   46784   18  44.442  48.255  48.791       470     176    FRM    2
00105(NVB)     328
00105(IDR)  251064   16  47.295  48.952  49.295       270       0    FRM    3
00106( P )   61088   16  45.936  48.326  48.873       362      39    FRM    2
00107( P )   46392   17  45.084  48.501  48.961       390      81    FRM    2
00108( P )   38016   18  44.338  48.380  48.822       470     139    FRM    2
00109( P )   40832   18  44.344  48.319  48.710       538     201    FRM    2
00110(NVB)     328
00110(IDR)  250672   16  47.305  48.873  49.250       274       0    FRM    3
00111( P )   61088   16  45.938  48.392  48.859       362      42    FRM    2
00112( P )   63296   16  45.866  48.409  48.807       414      83    FRM    2
00113( P )   31864   18  44.282  48.298  48.744       412     119    FRM    2
00114( P )   73056   16  45.973  48.494  48.934       503     178    FRM    2
00115(NVB)     328
00115(IDR)  250616   16  47.293  48.956  49.221       279       0    FRM    3
00116( P )   62968   16  45.963  48.463  48.783       355      39    FRM    2
00117( P )   46376   17  45.068  48.479  48.891       383      80    FRM    2
00118( P )   35856   18  44.255  48.344  48.774       429     131    FRM    2
00119( P )   42680   18  44.315  48.292  48.701       477     175    FRM    2
00120(NVB)     328
00120(IDR)  251128   16  47.284  48.916  49.291       279       0    FRM    3
00121( P )   60824   16  45.908  48.444  48.777       345      41    FRM    2
00122( P )   63664   16  45.913  48.428  48.807       403      84    FRM    2
00123( P )   32168   18  44.331  48.384  48.742       408     119    FRM    2
00124( P )   57048   17  45.139  48.432  48.907       520     185    FRM    2
00125(NVB)     328
00125(IDR)  251016   16  47.264  48.973  49.227       292       0    FRM    3
00126( P )   61416   16  45.913  48.400  48.802       362      42    FRM    2
00127( P )   63736   16  45.930  48.496  48.833       428      87    FRM    2
00128( P )   32272   18  44.363  48.371  48.763       412     120    FRM    2
00129( P )   55968   17  45.089  48.395  48.899       496     174    FRM    2
00130(NVB)     328
00130(IDR)  252216   16  47.350  48.868  49.292       312       0    FRM    3
00131( P )   59856   16  45.918  48.318  48.803       352      40    FRM    2
00132( P )   46320   17  45.083  48.362  49.023       391      83    FRM    2
00133( P )   51320   17  45.098  48.358  48.889       435     125    FRM    2
00134( P )   37392   18  44.313  48.202  48.721       466     172    FRM    2
00135(NVB)     328
00135(IDR)  251304   16  47.276  48.901  49.229       273       0    FRM    3
00136( P )   61456   16  45.919  48.416  48.887       368      40    FRM    2
00137( P )   65272   16  46.006  48.446  48.803       400      82    FRM    2
00138( P )   31576   18  44.281  48.402  48.874       413     122    FRM    2
00139( P )   56056   17  45.117  48.398  48.942       481     166    FRM    2
00140(NVB)     328
00140(IDR)  252080   16  47.309  48.840  49.375       283       0    FRM    3
00141( P )   61376   16  45.877  48.343  48.878       360      39    FRM    2
00142( P )   65744   16  45.906  48.365  48.842       403      82    FRM    2
00143( P )   35704   18  44.389  48.309  48.898       419     121    FRM    2
00144( P )   44480   18  44.439  48.251  48.765       523     193    FRM    2
00145(NVB)     328
00145(IDR)  251512   16  47.278  48.859  49.343       314       0    FRM    3
00146( P )   61440   16  45.932  48.323  48.863       396      44    FRM    2
00147( P )   47480   17  45.065  48.439  48.872       386      79    FRM    2
00148( P )   51648   17  45.083  48.361  48.893       428     120    FRM    2
00149( P )   36936   18  44.279  48.327  48.822       448     164    FRM    2
00150(NVB)     328
00150(IDR)  251760   16  47.331  48.798  49.219       307       0    FRM    3
00151( P )   59528   16  45.842  48.264  48.830       408      46    FRM    2
00152( P )   63344   16  45.907  48.312  48.821       443      89    FRM    2
00153( P )   47832   17  45.130  48.413  48.930       506     150    FRM    2
00154( P )   35632   18  44.303  48.307  48.799       471     170    FRM    2
00155(NVB)     328
00155(IDR)  251056   16  47.308  48.896  49.281       278       0    FRM    3
00156( P )   62248   16  45.942  48.440  48.764       422      54    FRM    2
00157( P )   62488   16  45.857  48.382  48.782       409      88    FRM    2
00158( P )   49936   17  45.146  48.422  48.894       424     122    FRM    2
00159( P )   40096   18  44.379  48.293  48.752       532     204    FRM    2
00160(NVB)     328
00160(IDR)  250168   16  47.280  48.874  49.228       310       0    FRM    3
00161( P )   64328   16  45.960  48.411  48.922       409      53    FRM    2
00162( P )   49040   17  45.120  48.448  49.076       433      91    FRM    2
00163( P )   51608   17  45.034  48.414  48.976       495     140    FRM    2
00164( P )   39344   18  44.335  48.317  48.882       518     189    FRM    2
00165(NVB)     328
00165(IDR)  251072   16  47.294  48.845  49.285       264       0    FRM    3
00166( P )   62080   16  45.956  48.429  48.806       348      39    FRM    2
00167( P )   62696   16  45.895  48.367  48.810       453      94    FRM    2
00168( P )   32328   18  44.365  48.306  48.856       481     149    FRM    2
00169( P )   56504   17  45.189  48.445  48.844       484     170    FRM    2
00170(NVB)     328
00170(IDR)  249816   16  47.261  48.979  49.304       276       0    FRM    3
00171( P )   60896   16  45.896  48.392  48.843       348      38    FRM    2
00172( P )   63752   16  45.901  48.454  48.898       413      85    FRM    2
00173( P )   30344   18  44.255  48.312  48.908       417     120    FRM    2
00174( P )   57528   17  45.152  48.399  48.947       491     173    FRM    2
00175(NVB)     328
00175(IDR)  250288   16  47.266  48.895  49.233       277       0    FRM    3
00176( P )   63128   16  45.943  48.390  48.831       362      42    FRM    2
00177( P )   47408   17  45.107  48.436  48.912       382      79    FRM    2
00178( P )   50368   17  45.015  48.446  48.912       426     120    FRM    2
00179( P )   37304   18  44.255  48.361  48.685       462     164    FRM    2
00180(NVB)     328
00180(IDR)  250352   16  47.253  48.982  49.260       275       0    FRM    3
00181( P )   58800   16  45.810  48.415  48.750       368      39    FRM    2
00182( P )   65352   16  45.912  48.428  48.891       446      96    FRM    2
00183( P )   32488   18  44.327  48.439  48.840       408     122    FRM    2
00184( P )   55488   17  45.074  48.430  48.940       474     169    FRM    2
00185(NVB)     328
00185(IDR)  250200   16  47.251  48.917  49.229       264       0    FRM    3
00186( P )   59600   16  45.861  48.420  48.750       353      38    FRM    2
00187( P )   64032   16  45.921  48.367  48.819       410      81    FRM    2
00188( P )   33216   18  44.335  48.393  48.794       410     119    FRM    2
00189( P )   60792   17  45.191  48.474  48.910       485     174    FRM    2
00190(NVB)     328
00190(IDR)  249816   16  47.287  48.903  49.381       267       0    FRM    3
00191( P )   65584   16  45.941  48.391  48.943       366      41    FRM    2
00192( P )   50728   17  45.195  48.440  49.088       392      84    FRM    2
00193( P )   40608   18  44.369  48.316  48.857       442     129    FRM    2
00194( P )   43928   18  44.305  48.209  48.791       468     171    FRM    2
00195(NVB)     328
00195(IDR)  250448   16  47.249  48.861  49.453       275       0    FRM    3
00196( P )   61440   16  45.869  48.337  48.994       362      40    FRM    2
00197( P )   48056   17  45.038  48.338  49.080       410      85    FRM    2
00198( P )   54792   17  45.197  48.382  49.044       440     123    FRM    2
00199( P )   37576   18  44.299  48.176  48.962       451     165    FRM    2
00200(NVB)     328
00200(IDR)  249696   16  47.252  48.929  49.272       285       0    FRM    3
00201( P )   61912   16  45.957  48.521  48.956       353      38    FRM    2
00202( P )   63000   16  45.869  48.431  48.865       434      86    FRM    2
00203( P )   32352   18  44.341  48.375  48.840       439     127    FRM    2
00204( P )   55792   17  45.077  48.386  48.936       465     164    FRM    2
00205(NVB)     328
00205(IDR)  249368   16  47.280  48.852  49.278       276       0    FRM    3
00206( P )   61840   16  45.910  48.460  48.886       369      41    FRM    2
00207( P )   45488   17  45.024  48.442  48.978       385      76    FRM    2
00208( P )   50688   17  45.031  48.380  48.895       441     123    FRM    2
00209( P )   36888   18  44.295  48.334  48.835       458     164    FRM    2
00210(NVB)     328
00210(IDR)  249840   16  47.322  48.975  49.303       276       0    FRM    3
00211( P )   60728   16  45.911  48.459  48.792       382      42    FRM    2
00212( P )   62928   16  45.855  48.443  48.919       446      95    FRM    2
00213( P )   46728   17  45.045  48.515  48.968       438     128    FRM    2
00214( P )   52960   17  45.087  48.446  48.959       471     163    FRM    2
00215(NVB)     328
00215(IDR)  248720   16  47.295  48.926  49.235       285       0    FRM    3
00216( P )   67144   16  46.062  48.523  48.821       393      45    FRM    2
00217( P )   49600   17  45.128  48.477  49.070       410      86    FRM    2
00218( P )   55544   17  45.134  48.468  49.075       443     128    FRM    2
00219( P )   39416   18  44.319  48.325  48.833       465     172    FRM    2
00220(NVB)     328
00220(IDR)  248720   16  47.228  48.939  49.322       277       0    FRM    3
00221( P )   61856   16  45.906  48.348  48.897       363      41    FRM    2
00222( P )   62608   16  45.825  48.423  48.919       429      85    FRM    2
00223( P )   33032   18  44.298  48.401  48.923       421     122    FRM    2
00224( P )   42600   18  44.370  48.305  48.851       453     165    FRM    2
00225(NVB)     328
00225(IDR)  246944   16  47.275  48.969  49.230       277       0    FRM    3
00226( P )   62584   16  45.917  48.458  48.890       360      42    FRM    2
00227( P )   64400   16  45.902  48.465  48.913       409      81    FRM    2
00228( P )   33888   18  44.379  48.394  48.894       413     120    FRM    2
00229( P )   55128   17  45.061  48.424  48.957       469     166    FRM    2
00230(NVB)     328
00230(IDR)  247136   16  47.269  48.884  49.423       270       0    FRM    3
00231( P )   60352   16  45.865  48.319  48.918       349      40    FRM    2
00232( P )   63848   16  45.928  48.362  48.995       396      80    FRM    2
00233( P )   32240   18  44.332  48.297  48.982       415     121    FRM    2
00234( P )   56200   17  45.146  48.347  48.976       470     167    FRM    2
00235(NVB)     328
00235(IDR)  247528   16  47.293  48.900  49.382       272       0    FRM    3
00236( P )   68312   16  46.086  48.449  49.027       366      43    FRM    2
00237( P )   49976   17  45.204  48.497  49.112       390      84    FRM    2
00238( P )   56432   17  45.196  48.501  49.144       442     127    FRM    2
00239( P )   38272   18  44.288  48.384  48.915       466     171    FRM    2
00240(NVB)     328
00240(IDR)  246888   16  47.268  48.954  49.465       274       0    FRM    3
00241( P )   63304   16  45.920  48.417  49.041       364      43    FRM    2
00242( P )   47224   17  45.092  48.489  49.051       386      79    FRM    2
00243( P )   52008   17  45.106  48.375  49.041       444     127    FRM    2
00244( P )   38696   18  44.273  48.277  48.875       484     175    FRM    2
00245(NVB)     328
00245(IDR)  248000   16  47.272  48.958  49.505       279       0    FRM    3
00246( P )   63496   16  45.908  48.358  49.031       366      45    FRM    2
00247( P )   64952   16  45.835  48.324  48.875       399      81    FRM    2
00248( P )   35736   18  44.338  48.353  48.888       460     131    FRM    2
00249( P )   58232   17  45.039  48.415  48.960       525     187    FRM    2
00250(NVB)     328
00250(IDR)  248984   16  47.301  48.850  49.428       264       0    FRM    3
00251( P )   66312   16  45.933  48.277  48.956       357      41    FRM    2
00252( P )   49392   17  45.075  48.393  49.051       380      79    FRM    2
00253( P )   40880   18  44.324  48.252  48.839       411     122    FRM    2
00254( P )   45816   18  44.356  48.195  48.783       451     161    FRM    2
00255(NVB)     328
00255(IDR)  247376   16  47.263  48.980  49.361       272       0    FRM    3
00256( P )   67592   16  46.019  48.438  48.982       356      39    FRM    2
00257( P )   48984   17  44.998  48.462  48.963       380      76    FRM    2
00258( P )   55768   17  45.104  48.461  49.011       425     124    FRM    2
00259( P )   41168   18  44.321  48.417  48.797       466     165    FRM    2
00260(NVB)     328
00260(IDR)  249024   16  47.301  48.815  49.247       272       0    FRM    3
00261( P )   65816   16  45.922  48.317  48.748       349      39    FRM    2
00262( P )   50224   17  45.018  48.397  48.864       379      81    FRM    2
00263( P )   41176   18  44.280  48.303  48.718       412     122    FRM    2
00264( P )   47888   18  44.377  48.225  48.699       454     164    FRM    2
00265(NVB)     328
00265(IDR)  248600   16  47.294  48.877  49.395       269       0    FRM    3
00266( P )   64920   16  45.870  48.422  48.938       347      38    FRM    2
00267( P )   50824   17  45.078  48.479  49.069       381      79    FRM    2
00268( P )   53432   17  45.015  48.423  49.050       425     125    FRM    2
00269( P )   38632   18  44.268  48.321  48.939       443     160    FRM    2
00270(NVB)     328
00270(IDR)  246904   16  47.281  48.929  49.515       261       0    FRM    3
00271( P )   66728   16  45.924  48.417  48.955       354      39    FRM    2
00272( P )   50408   17  45.077  48.423  49.099       387      82    FRM    2
00273( P )   54512   17  45.060  48.382  48.989       418     119    FRM    2
00274( P )   40080   18  44.246  48.269  48.856       448     157    FRM    2
00275(NVB)     328
00275(IDR)  247112   16  47.314  48.839  49.443       277       0    FRM    3
00276( P )   64256   16  45.805  48.361  49.035       349      38    FRM    2
00277( P )   48568   17  45.028  48.470  49.087       372      75    FRM    2
00278( P )   53072   17  45.127  48.394  49.122       428     124    FRM    2
00279( P )   35448   18  44.223  48.305  48.894       449     157    FRM    2
00280(NVB)     328
00280(IDR)  245624   16  47.264  48.892  49.327       264       0    FRM    3
00281( P )   59816   16  45.802  48.446  48.982       351      39    FRM    2
00282( P )   64192   16  45.902  48.383  49.020       395      78    FRM    2
00283( P )   45264   17  44.992  48.479  49.107       413     121    FRM    2
00284( P )   67952   16  45.864  48.527  49.158       485     164    FRM    2
00285(NVB)     328
00285(IDR)  259864   15  47.987  49.482  50.037       271       0    FRM    3
00286( P )   71696   15  46.716  49.042  49.566       352      39    FRM    2
00287( P )   41248   17  45.150  48.896  49.438       370      76    FRM    2
00288( P )   35672   18  44.448  48.703  49.281       402     118    FRM    2
00289( P )   40352   18  44.317  48.692  49.184       437     155    FRM    2
00290(NVB)     328
00290(IDR)  246784   16  47.302  48.943  49.444       261       0    FRM    3
00291( P )   61496   16  45.905  48.529  49.123       360      38    FRM    2
00292( P )   65336   16  45.952  48.482  49.179       392      76    FRM    2
00293( P )   32664   18  44.356  48.481  48.990       391     113    FRM    2
00294( P )   54808   17  45.077  48.577  49.135       466     162    FRM    2
00295(NVB)     328
00295(IDR)  247720   16  47.338  48.942  49.363       266       0    FRM    3
00296( P )   60248   16  45.871  48.509  49.016       360      38    FRM    2
00297( P )   63720   16  45.885  48.499  48.985       393      81    FRM    2
00298( P )   33488   18  44.354  48.571  48.989       401     120    FRM    2
00299( P )   55136   17  45.037  48.533  49.034       470     164    FRM    2