00000(NVB)     328
00000(IDR)  372832   20  43.420  43.408  43.421       311       0    FRM    3
00001( P )  166872   20  42.442  42.647  42.675       448      54    FRM    2
00002( P )   80704   24  38.675  40.723  40.670       447     105    FRM    2
00003( P )   40104   28  35.778  39.397  39.099       434     144    FRM    2
00004( P )   16216   32  33.473  38.600  37.932       432     191    FRM    2
00005(NVB)     328
00005(IDR)  336232   22  41.754  41.903  41.861       295       0    FRM    3
00006( P )  135208   22  40.430  41.300  41.240       409      48    FRM    2
00007( P )   60696   26  37.021  39.555  39.393       456     116    FRM    2
00008( P )   27520   30  34.365  38.628  38.249       463     174    FRM    2
00009( P )   11616   34  32.490  38.102  37.410       456     202    FRM    2
00010(NVB)     328
00010(IDR)  290776   24  39.574  40.222  40.263       305       0    FRM    3
00011( P )  112672   24  38.882  39.891  39.761       423      56    FRM    2
00012( P )   47592   28  35.643  38.514  38.241       406     106    FRM    2
00013( P )   18344   32  33.126  37.886  37.244       415     151    FRM    2
00014( P )    8064   36  31.598  37.456  36.433       477     218    FRM    2
00015(NVB)     328
00015(IDR)  255432   26  37.890  38.820  38.644       301       0    FRM    3
00016( P )   85520   26  36.977  38.408  38.251       392      53    FRM    2
00017( P )   33712   30  33.965  37.610  37.202       364     102    FRM    2
00018( P )   12680   34  31.939  36.990  36.357       384     143    FRM    2
00019( P )    5640   38  30.835  36.644  35.552       433     211    FRM    2
00020(NVB)     328
00020(IDR)  221488   28  36.100  37.456  37.306       279       0    FRM    3
00021( P )   58016   28  35.173  37.187  37.121       419      60    FRM    2
00022( P )   22456   32  32.416  36.445  35.997       361     101    FRM    2
00023( P )    7928   36  30.891  36.058  35.299       406     157    FRM    2
00024( P )    4848   40  30.070  35.665  34.747       423     201    FRM    2
00025(NVB)     328
00025(IDR)  183720   30  34.148  36.721  36.378       239       0    FRM    3
00026( P )   42600   30  33.247  36.475  36.271       332      52    FRM    2
00027( P )   49864   29  33.905  36.548  36.199       392     105    FRM    2
00028( P )   41792   30  33.567  36.497  36.161       424     149    FRM    2
00029( P )   30040   31  32.918  36.108  35.767       481     210    FRM    2
00030(NVB)     328
00030(IDR)  197656   29  35.119  36.860  36.518       250       0    FRM    3
00031( P )   45672   29  34.186  36.666  36.372       331      47    FRM    2
00032( P )   78560   27  35.536  37.455  37.131       420     110    FRM    2
00033( P )   56360   28  35.280  37.104  36.685       449     149    FRM    2
00034( P )   59320   28  35.370  37.075  36.738       481     188    FRM    2
00035(NVB)     328
00035(IDR)  233224   27  37.013  38.270  38.024       266       0    FRM    3
00036( P )   67392   27  36.061  37.969  37.692       343      47    FRM    2
00037( P )   60872   28  35.585  37.533  37.243       386     103    FRM    2
00038( P )   58912   28  35.537  37.447  37.191       460     152    FRM    2
00039( P )   34616   30  34.202  36.922  36.575       462     192    FRM    2
00040(NVB)     328
00040(IDR)  235336   27  37.201  38.324  38.129       254       0    FRM    3
00041( P )   73096   27  36.217  38.073  37.747       359      53    FRM    2
00042( P )   61920   28  35.716  37.596  37.333       400     103    FRM    2
00043( P )   42056   29  34.704  37.149  36.724       447     156    FRM    2
00044( P )   58040   28  35.659  37.377  37.105       491     203    FRM    2
00045(NVB)     328
00045(IDR)  235544   27  37.196  38.316  38.135       257       0    FRM    3
00046( P )   67872   27  36.276  37.979  37.778       354      47    FRM    2
00047( P )   56320   28  35.575  37.498  37.208       439     110    FRM    2
00048( P )   54344   28  35.565  37.413  37.125       469     153    FRM    2
00049( P )   32288   30  34.206  37.022  36.496       467     199    FRM    2
00050(NVB)     328
00050(IDR)  238256   27  37.146  38.304  38.001       253       0    FRM    3
00051( P )   61400   27  36.322  38.027  37.555       348      45    FRM    2
00052( P )   73528   27  36.451  37.900  37.444       417     105    FRM    2
00053( P )   53488   28  35.591  37.482  37.035       482     165    FRM    2
00054( P )   34360   30  34.190  37.056  36.578       469     193    FRM    2
00055(NVB)     328
00055(IDR)  241152   27  37.166  38.307  37.977       268       0    FRM    3
00056( P )   71192   27  36.348  37.919  37.659       361      51    FRM    2
00057( P )   66520   28  35.594  37.456  37.220       400     100    FRM    2
00058( P )   45040   29  34.633  37.090  36.715       437     147    FRM    2
00059( P )   37720   30  34.050  37.020  36.447       507     216    FRM    2
00060(NVB)     328
00060(IDR)  224480   28  36.252  37.516  37.266       265       0    FRM    3
00061( P )   65136   28  35.307  37.215  36.972       385      53    FRM    2
00062( P )   69624   28  35.532  37.147  36.856       410     105    FRM    2
00063( P )   65216   28  35.516  37.031  36.895       466     155    FRM    2
00064( P )   38200   30  33.930  36.455  36.240       471     199    FRM    2
00065(NVB)     328
00065(IDR)  227160   28  36.217  37.470  37.237       249       0    FRM    3
00066( P )   71232   28  35.328  37.148  36.939       359      50    FRM    2
00067( P )   71720   28  35.542  37.145  36.896       412     105    FRM    2
00068( P )   39808   30  34.003  36.668  36.390       442     158    FRM    2
00069( P )   44216   30  33.917  36.555  36.289       484     209    FRM    2
00070(NVB)     328
00070(IDR)  228560   28  36.167  37.452  37.296       247       0    FRM    3
00071( P )   72184   28  35.379  37.199  37.021       349      50    FRM    2
00072( P )   72480   28  35.556  37.122  36.897       409     103    FRM    2
00073( P )   40864   30  33.953  36.630  36.363       469     168    FRM    2
00074( P )   43928   30  33.854  36.481  36.248       504     207    FRM    2
00075(NVB)     328
00075(IDR)  232168   28  36.264  37.393  37.298       254       0    FRM    3
00076( P )   72664   28  35.430  37.152  36.937       358      51    FRM    2
00077( P )   54816   29  34.476  36.691  36.432       393     104    FRM    2
00078( P )   52592   29  34.511  36.636  36.288       472     159    FRM    2
00079( P )   44192   30  33.956  36.460  36.174       514     217    FRM    2
00080(NVB)     328
00080(IDR)  229608   28  36.166  37.299  37.292       267       0    FRM    3
00081( P )   70984   28  35.336  36.973  37.047       356      49    FRM    2
00082( P )   72792   28  35.509  36.966  36.916       413     107    FRM    2
00083( P )   40592   30  33.937  36.428  36.275       439     153    FRM    2
00084( P )   44736   30  33.912  36.355  36.182       470     193    FRM    2
00085(NVB)     328
00085(IDR)  234632   28  36.150  37.318  37.270       261       0    FRM    3
00086( P )   70864   28  35.267  37.028  37.042       355      49    FRM    2
00087( P )   56552   29  34.357  36.492  36.488       394     107    FRM    2
00088( P )   45216   30  33.846  36.445  36.307       445     160    FRM    2
00089( P )   46024   30  33.820  36.285  36.191       508     207    FRM    2
00090(NVB)     328
00090(IDR)  234280   28  36.083  37.241  37.203       265       0    FRM    3
00091( P )   73344   28  35.369  36.937  36.994       355      48    FRM    2
00092( P )   56448   29  34.412  36.449  36.388       390     104    FRM    2
00093( P )   55040   29  34.434  36.281  36.211       440     149    FRM    2
00094( P )   45688   30  33.827  36.311  36.083       498     204    FRM    2
00095(NVB)     328
00095(IDR)  237584   28  36.141  37.170  37.126       252       0    FRM    3
00096( P )   71712   28  35.314  36.975  36.921       352      48    FRM    2
00097( P )   56408   29  34.408  36.568  36.340       398     108    FRM    2
00098( P )   45880   30  33.799  36.435  36.245       435     156    FRM    2
00099( P )   47584   30  33.754  36.297  36.143       502     208    FRM    2
00100(NVB)     328
00100(IDR)  236512   28  36.103  37.282  37.138       262       0    FRM    3
00101( P )   70408   28  35.246  36.911  36.929       351      51    FRM    2
00102( P )   56904   29  34.423  36.525  36.341       409     103    FRM    2
00103( P )   43408   30  33.746  36.205  36.091       428     152    FRM    2
00104( P )   46304   30  33.755  36.176  36.058       477     197    FRM    2
00105(NVB)     328
00105(IDR)  238216   28  36.082  37.301  37.191       251       0    FRM    3
00106( P )   69976   28  35.252  36.865  36.980       362      51    FRM    2
00107( P )   56976   29  34.385  36.529  36.485       397     106    FRM    2
00108( P )   43784   30  33.786  36.221  36.209       433     153    FRM    2
00109( P )   45984   30  33.739  36.123  36.188       495     208    FRM    2
00110(NVB)     328
00110(IDR)  238016   28  36.010  37.148  37.274       261       0    FRM    3
00111( P )   74056   28  35.264  36.911  36.945       356      48    FRM    2
00112( P )   58240   29  34.464  36.445  36.478       421     111    FRM    2
00113( P )   43848   30  33.736  36.205  36.163       436     151    FRM    2
00114( P )   46688   30  33.640  36.265  36.089       485     208    FRM    2
00115(NVB)     328
00115(IDR)  238296   28  36.059  37.181  37.250       257       0    FRM    3
00116( P )   73008   28  35.275  36.961  37.045       345      49    FRM    2
00117( P )   54384   29  34.327  36.497  36.382       409     109    FRM    2
00118( P )   44704   30  33.710  36.189  36.214       441     155    FRM    2
00119( P )   43528   30  33.723  36.078  36.105       485     202    FRM    2
00120(NVB)     328
00120(IDR)  233088   28  36.012  37.195  37.281       251       0    FRM    3
00121( P )   67912   28  35.271  36.891  37.012       341      45    FRM    2
00122( P )   75336   28  35.484  36.785  37.050       420     109    FRM    2
00123( P )   38968   30  33.754  36.256  36.427       437     152    FRM    2
00124( P )   44064   30  33.824  36.184  36.388       476     195    FRM    2
00125(NVB)     328
00125(IDR)  237616   28  36.061  37.162  37.204       257       0    FRM    3
00126( P )   71976   28  35.261  36.906  36.984       346      48    FRM    2
00127( P )   49536   29  34.475  36.405  36.492       404     108    FRM    2
00128( P )   52288   29  34.449  36.183  36.299       453     151    FRM    2
00129( P )   43800   30  33.810  36.111  36.241       482     198    FRM    2
00130(NVB)     328
00130(IDR)  234600   28  35.981  37.208  37.260       263       0    FRM    3
00131( P )   69480   28  35.211  36.966  37.053       356      49    FRM    2
00132( P )   65704   28  35.343  36.786  36.885       400      99    FRM    2
00133( P )   41048   30  33.782  36.281  36.288       417     140    FRM    2
00134( P )   53472   29  34.452  36.315  36.272       487     193    FRM    2
00135(NVB)     328
00135(IDR)  240528   28  36.028  37.116  37.267       266       0    FRM    3
00136( P )   66840   28  35.165  36.879  36.987       351      47    FRM    2
00137( P )   69672   28  35.347  36.821  36.848       405     102    FRM    2
00138( P )   39752   30  33.641  36.207  36.281       420     145    FRM    2
00139( P )   45088   30  33.694  36.210  36.251       480     191    FRM    2
00140(NVB)     328
00140(IDR)  236720   28  35.934  37.142  37.194       263       0    FRM    3
00141( P )   71176   28  35.153  36.723  36.995       351      49    FRM    2
00142( P )   51112   29  34.370  36.286  36.334       393     104    FRM    2
00143( P )   55688   29  34.261  36.187  36.026       446     156    FRM    2
00144( P )   43552   30  33.577  35.944  36.006       479     194    FRM    2
00145(NVB)     328
00145(IDR)  240488   28  35.967  37.188  37.171       263       0    FRM    3
00146( P )   71776   28  35.160  36.825  36.911       349      46    FRM    2
00147( P )   50576   29  34.398  36.328  36.398       382      97    FRM    2
00148( P )   55208   29  34.338  36.266  36.134       447     152    FRM    2
00149( P )   40000   30  33.665  35.989  35.956       462     187    FRM    2
00150(NVB)     328
00150(IDR)  241072   28  35.991  37.174  37.127       256       0    FRM    3
00151( P )   65960   28  35.090  36.777  36.934       335      44    FRM    2
00152( P )   57680   29  34.288  36.302  36.305       377      95    FRM    2
00153( P )   45816   30  33.551  36.008  36.086       430     150    FRM    2
00154( P )   45496   30  33.582  35.924  35.993       486     201    FRM    2
00155(NVB)     328
00155(IDR)  242144   28  35.966  37.155  37.134       256       0    FRM    3
00156( P )   62928   28  35.183  36.775  36.863       337      44    FRM    2
00157( P )   78392   28  35.298  36.666  36.703       407     100    FRM    2
00158( P )   38968   30  33.620  36.005  36.005       416     144    FRM    2
00159( P )   43976   30  33.640  35.998  36.021       466     195    FRM    2
00160(NVB)     328
00160(IDR)  242104   28  35.931  37.070  37.014       252       0    FRM    3
00161( P )   53992   28  35.096  36.765  36.713       339      45    FRM    2
00162( P )   62400   28  35.345  36.749  36.645       392      93    FRM    2
00163( P )   32688   30  33.988  36.276  36.298       403     141    FRM    2
00164( P )   60208   28  35.390  36.622  36.614       490     189    FRM    2
00165(NVB)     328
00165(IDR)  242152   28  35.979  36.941  37.040       262       0    FRM    3
00166( P )   36120   28  35.057  36.494  36.704       326      41    FRM    2
00167( P )   60592   27  36.015  37.092  37.138       413      97    FRM    2
00168( P )   49040   27  35.707  36.630  36.681       431     133    FRM    2
00169( P )   68464   26  36.450  37.333  37.401       500     183    FRM    2
00170(NVB)     328
00170(IDR)  280160   26  37.639  38.433  38.432       272       0    FRM    3
00171( P )   51944   26  36.607  37.910  37.947       346      42    FRM    2
00172( P )   54264   27  36.521  37.803  37.736       398      92    FRM    2
00173( P )   30848   29  35.025  36.788  36.658       417     135    FRM    2
00174( P )   49920   28  35.929  37.210  37.226       476     182    FRM    2
00175(NVB)     328
00175(IDR)  260752   27  36.806  37.598  37.810       261       0    FRM    3
00176( P )   37000   27  35.643  37.089  37.357       331      42    FRM    2
00177( P )   57824   26  36.519  37.645  37.853       396      90    FRM    2
00178( P )   36968   27  35.783  36.970  37.166       435     130    FRM    2
00179( P )   55760   26  36.453  37.485  37.662       500     183    FRM    2
00180(NVB)     328
00180(IDR)  280816   26  37.638  38.398  38.489       268       0    FRM    3
00181( P )   47088   26  36.605  37.980  38.053       341      44    FRM    2
00182( P )   56296   26  36.649  37.947  38.016       407      92    FRM    2
00183( P )   26624   27  36.300  37.950  37.923       405     126    FRM    2
00184( P )   69640   25  37.069  38.422  38.509       500     170    FRM    2
00185(NVB)     328
00185(IDR)  306408   25  38.662  39.181  39.181       279       0    FRM    3
00186( P )   62808   25  37.466  38.772  38.755       362      44    FRM    2
00187( P )   44664   28  35.836  37.671  37.633       381      93    FRM    2
00188( P )   28328   30  34.773  37.895  37.600       403     140    FRM    2
00189( P )   28576   30  35.023  37.774  37.434       431     167    FRM    2
00190(NVB)     328
00190(IDR)  262920   27  36.807  37.566  37.607       261       0    FRM    3
00191( P )   41528   27  35.797  36.971  37.129       327      43    FRM    2
00192( P )   67648   26  36.598  37.718  37.737       404      94    FRM    2
00193( P )   34384   29  34.840  36.874  36.798       422     142    FRM    2
00194( P )   31176   30  34.313  36.431  36.448       440     178    FRM    2
00195(NVB)     328
00195(IDR)  265248   27  36.837  37.479  37.616       256       0    FRM    3
00196( P )   44864   27  35.785  36.957  37.167       341      43    FRM    2
00197( P )   76504   26  36.685  37.587  37.644       420      97    FRM    2
00198( P )   31440   29  35.208  36.829  36.782       409     137    FRM    2
00199( P )   47400   28  35.566  36.767  36.895       468     176    FRM    2
00200(NVB)     328
00200(IDR)  262240   27  36.841  37.497  37.583       263       0    FRM    3
00201( P )   40136   27  35.820  36.924  37.105       347      42    FRM    2
00202( P )   69864   26  36.665  37.629  37.826       402      91    FRM    2
00203( P )   45024   28  35.514  37.013  37.054       437     143    FRM    2
00204( P )   26912   30  34.291  36.430  36.462       442     183    FRM    2
00205(NVB)     328
00205(IDR)  261672   27  36.850  37.476  37.533       258       0    FRM    3
00206( P )   56008   27  35.892  37.041  37.196       347      44    FRM    2
00207( P )   83016   26  36.715  37.569  37.631       411      93    FRM    2
00208( P )   33624   30  34.370  36.582  36.568       413     147    FRM    2
00209( P )   38608   30  34.180  36.416  36.402       464     192    FRM    2
00210(NVB)     328
00210(IDR)  264000   27  36.833  37.486  37.632       268       0    FRM    3
00211( P )   56440   27  35.851  37.099  37.238       361      47    FRM    2
00212( P )   55272   28  35.505  36.837  36.902       389      94    FRM    2
00213( P )   43184   29  34.677  36.323  36.349       443     150    FRM    2
00214( P )   38720   30  33.884  36.012  35.918       476     197    FRM    2
00215(NVB)     328
00215(IDR)  245288   28  35.927  36.761  36.648       266       0    FRM    3
00216( P )   46824   28  35.067  36.402  36.422       353      47    FRM    2
00217( P )   80344   27  36.080  36.845  36.866       418     103    FRM    2
00218( P )   33896   30  33.882  36.024  35.935       422     147    FRM    2
00219( P )   51064   29  34.367  35.998  35.874       501     206    FRM    2
00220(NVB)     328
00220(IDR)  244936   28  35.942  36.707  36.802       271       0    FRM    3
00221( P )   49008   28  35.050  36.421  36.541       333      43    FRM    2
00222( P )   79224   27  35.850  36.823  36.860       433     103    FRM    2
00223( P )   39352   30  34.000  36.090  35.932       433     151    FRM    2
00224( P )   43344   30  33.761  35.869  35.702       510     208    FRM    2
00225(NVB)     328
00225(IDR)  245920   28  35.918  36.752  36.715       253       0    FRM    3
00226( P )   61128   28  35.073  36.444  36.401       333      45    FRM    2
00227( P )   64224   28  35.231  36.280  36.304       414     103    FRM    2
00228( P )   32544   30  34.116  35.826  35.757       432     150    FRM    2
00229( P )   38680   29  34.418  35.654  35.591       486     193    FRM    2
00230(NVB)     328
00230(IDR)  244960   28  35.896  36.697  36.795       255       0    FRM    3
00231( P )   38624   28  34.984  36.292  36.361       332      44    FRM    2
00232( P )   68216   27  35.892  36.802  36.816       421      99    FRM    2
00233( P )   46552   28  35.604  36.453  36.494       443     147    FRM    2
00234( P )   52008   27  35.924  36.537  36.630       491     184    FRM    2
00235(NVB)     328
00235(IDR)  265528   27  36.849  37.485  37.417       267       0    FRM    3
00236( P )   55400   27  36.028  37.138  37.127       339      47    FRM    2
00237( P )   46152   27  35.892  36.903  36.882       408      94    FRM    2
00238( P )   50000   27  36.160  37.125  37.103       438     139    FRM    2
00239( P )   53936   27  36.238  37.134  37.098       502     188    FRM    2
00240(NVB)     328
00240(IDR)  285896   26  37.699  38.283  38.334       266       0    FRM    3
00241( P )   67200   26  36.665  37.936  37.924       357      45    FRM    2
00242( P )   40144   28  35.558  37.066  37.026       387      95    FRM    2
00243( P )   40048   28  35.773  37.338  37.320       439     141    FRM    2
00244( P )   28872   30  34.708  36.899  36.834       457     180    FRM    2
00245(NVB)     328
00245(IDR)  265736   27  36.868  37.443  37.419       265       0    FRM    3
00246( P )   43840   27  35.817  36.955  36.898       350      45    FRM    2
00247( P )   60064   26  36.355  37.252  37.315       425      97    FRM    2
00248( P )   50976   27  36.174  36.901  36.897       461     139    FRM    2
00249( P )   42176   28  35.681  36.489  36.495       480     183    FRM    2
00250(NVB)     328
00250(IDR)  284136   26  37.678  38.202  38.227       265       0    FRM    3
00251( P )   42592   26  36.599  37.693  37.741       346      41    FRM    2
00252( P )   51184   26  36.609  37.584  37.641       403      98    FRM    2
00253( P )   48056   27  36.338  37.068  37.162       443     137    FRM    2
00254( P )   30848   29  35.198  36.484  36.530       474     188    FRM    2
00255(NVB)     328
00255(IDR)  281480   26  37.694  38.255  38.274       285       0    FRM    3
00256( P )   50032   26  36.543  37.755  37.756       342      43    FRM    2
00257( P )   51640   27  36.267  37.508  37.374       398      96    FRM    2
00258( P )   41288   28  36.040  37.420  37.233       423     139    FRM    2
00259( P )   34480   29  35.267  37.114  36.796       467     187    FRM    2
00260(NVB)     328
00260(IDR)  263944   27  36.829  37.401  37.401       273       0    FRM    3
00261( P )   54952   27  35.950  37.058  37.110       365      47    FRM    2
00262( P )   48776   27  35.956  36.994  36.938       409      96    FRM    2
00263( P )   48824   27  36.211  36.855  36.794       452     144    FRM    2
00264( P )   41472   28  35.827  36.778  36.751       463     176    FRM    2
00265(NVB)     328
00265(IDR)  280960   26  37.743  38.198  38.222       273       0    FRM    3
00266( P )   50904   26  36.711  37.734  37.818       350      42    FRM    2
00267( P )   49576   27  36.507  37.472  37.521       394      90    FRM    2
00268( P )   36192   28  35.852  37.275  37.190       435     137    FRM    2
00269( P )   33888   28  35.974  36.816  36.783       464     180    FRM    2
00270(NVB)     328
00270(IDR)  279184   26  37.723  38.226  38.258       259       0    FRM    3
00271( P )   43176   26  36.623  37.654  37.747       348      42    FRM    2
00272( P )   63920   26  36.991  37.937  38.013       402      89    FRM    2
00273( P )   39336   28  36.114  37.337  37.287       445     146    FRM    2
00274( P )   37376   28  36.182  37.212  37.232       473     175    FRM    2
00275(NVB)     328
00275(IDR)  280672   26  37.752  38.054  38.178       274       0    FRM    3
00276( P )   55336   26  36.696  37.590  37.747       349      43    FRM    2
00277( P )   48616   27  36.399  37.196  37.175       396      88    FRM    2
00278( P )   36992   27  36.494  36.576  36.563       418     120    FRM    2
00279( P )   29848   28  36.233  36.051  36.006       429     144    FRM    2
00280(NVB)     328
00280(IDR)  278960   26  37.740  38.118  38.211       264       0    FRM    3
00281( P )   56408   26  36.830  37.682  37.827       358      44    FRM    2
00282( P )   50936   26  37.059  37.925  38.072       400      90    FRM    2
00283( P )   40320   27  36.694  37.397  37.584       432     132    FRM    2
00284( P )   38784   27  36.595  37.315  37.419       455     168    FRM    2
00285(NVB)     328
00285(IDR)  276824   26  37.800  38.101  38.196       268       0    FRM    3
00286( P )   34632   26  36.663  37.522  37.695       346      40    FRM    2
00287( P )   67952   25  37.623  38.195  38.326       411      95    FRM    2
00288( P )   38720   27  36.565  37.519  37.612       423     131    FRM    2
00289( P )   37824   27  36.543  37.254  37.299       449     150    FRM    2
00290(NVB)     328
00290(IDR)  307376   25  38.866  39.098  39.107       281       0    FRM    3
00291( P )   48440   25  37.531  38.427  38.446       358      41    FRM    2
00292( P )   40216   26  37.192  37.966  38.125       394      87    FRM    2
00293( P )   39216   27  36.953  37.828  37.822       426     131    FRM    2
00294( P )   20792   29  35.617  36.767  36.412       440     159    FRM    2
00295(NVB)     328
00295(IDR)  285624   26  37.722  37.982  38.127       266       0    FRM    3
00296( P )   34984   26  36.666  37.422  37.570       326      39    FRM    2
00297( P )   78152   24  38.216  38.621  38.731       425      96    FRM    2
00298( P )   39008   27  36.743  37.518  37.569       430     139    FRM    2
00299( P )   32856   28  35.989  37.173  37.198       446     166    FRM    2