8.6755709759,8.52590478788,7.96049480709
8.58475419039,8.0019764198,7.81556582554
10.6516452574,10.2001002903,9.99653533047
10.2151617045,9.93250399713,9.35823728828
8.52184036025,8.45683613815,7.84962345337
9.41233942911,9.37751716079,8.56883247881
10.7770127557,9.96414013816,9.94766119031
10.150183594,9.75319637295,9.41557638265
9.15207065658,8.83290328659,8.50600718828
10.761722748,10.1257968963,9.88300238358
8.09214851981,7.65740753301,7.55015783004
10.8184553812,10.7330841169,10.0399875686
9.01829055017,8.49204111434,8.29078755771
10.5194471866,9.75236807941,9.61030289283
10.1582121566,10.0334516062,9.29911133149
9.93530117843,9.53095531414,9.1133371284
8.95249970333,8.69977614879,8.33699225252
9.78275400101,9.55907862739,9.18526433832
10.9410494164,10.1684862698,10.1225884554
8.989921961,8.35438141061,8.20801928461
9.42794307583,9.13634245434,8.68366286963
8.5193496012,8.00493177899,7.89830368808
10.6186499367,10.1597211812,9.70857853808
9.96632493531,9.4528380117,9.27740411333
8.71195811716,8.17148350133,8.08365208085
9.06911211648,8.98617888912,8.40475282949
8.77666590142,8.55018037398,8.07383929862
10.5079637715,9.88098383477,9.83096614408
9.5415287752,9.07055971732,8.96645010722
9.47773098399,9.4247100162,8.66882568243
8.80161197653,8.47434860158,8.23036752205
10.5321111818,10.3446144282,9.70169378584
10.7213248552,10.0337388491,9.82932551253
8.59598100164,8.20494195849,7.95368088537
8.72041542844,8.63124988444,8.02617984795
9.48936065731,9.00363113559,8.9042489545
9.24754137482,8.57464578502,8.46758998023
9.89864609121,9.50540688905,9.28073809772
9.28130995327,8.87310533534,8.4513196417
9.86495041444,9.83870126174,9.09217906469
9.14331879179,8.59432292684,8.53736585558
8.47399062553,8.29781758251,7.93265968363
10.7741044186,10.5996090648,9.86327731304
10.4647946432,9.9251923362,9.79886335317
8.59950292222,8.08894849908,7.8972023864
8.20530414721,7.68546836257,7.49740909527
9.85328735296,9.14307253507,9.02233772403
10.1842028717,10.0088644658,9.46610140241
10.878462149,10.5788396029,9.92609195455
9.79310329723,9.51029817719,9.17250279053
9.7348129809,9.47559910874,9.0991753257
8.38641556671,8.25220011055,7.71582227638
8.38141441447,8.26413318865,7.64620307753
9.03608604453,8.91985525118,8.48297926891
9.50466422889,9.1369088545,8.74928627697
8.07153491225,8.06512254803,7.56797219678
8.21111723376,8.03117127722,7.59811410878
9.49274162016,9.4859531569,8.82172775185
9.45906326994,8.87485966372,8.81832145737
8.92319501634,8.56374013529,8.32243879693
9.93537080603,9.4308073175,9.1379528238
10.0183319538,9.88272495164,9.32109884837
9.94164180169,9.39380129772,9.05906611838
10.4489650131,10.344447315,9.55542988673
8.20683292209,7.99199031762,7.50107409649
8.83923515962,8.32676829931,8.28033850057
8.21343032295,8.16566900255,7.65902824213
10.2337455223,9.61868979017,9.38394690713
10.8874144095,10.5116522508,10.1736256809
9.93524194164,9.76966812507,9.10586770184
8.9421685212,8.43403410669,8.36520120999
8.91307142833,8.60227522671,8.30839904491
8.98177527409,8.93729743927,8.2912662495
8.51782226491,8.37589373407,7.84866451538
10.6777656887,10.0550318474,9.9562962147
9.50182441664,9.3332053056,8.77614964679
8.96156795648,8.68258125941,8.38187206022
9.4481211894,8.94906964083,8.60718430748
9.20611010556,9.17866571587,8.52700297299
10.4604066732,10.3541220108,9.58590112566
8.80218950462,8.66029594418,8.14393759342
9.79653759686,9.21135613765,9.14799509089
8.08380570433,7.72110298051,7.52178467278
9.90162582015,9.67683131515,9.30505404991
8.47183895571,8.11168801628,7.85920116156
8.99212225421,8.42281590682,8.40629570324
10.4647384577,10.1163352777,9.60475763281
9.69837090453,9.38811228393,8.95569090646
10.4038095074,9.91877266821,9.52810686808
8.45917172445,8.01974490935,7.87783240275
8.95432128935,8.48253099536,8.16021856384
10.9110510136,10.7915329274,10.1840246189
8.09958430324,7.71150934855,7.59748190962
9.46719431788,9.38635487167,8.75941186673
10.0862916354,10.0430219703,9.26639360752
10.1804077276,10.1119120641,9.33168295047
8.82577784654,8.7036129793,8.18512072253
9.87655085818,9.86570201982,9.01496626006
9.68680125925,9.46662527957,9.08212527953
10.1591154091,9.36485221621,9.32576064707
10.9957595475,10.4227157241,10.0128967344
8.9926556469,8.55143138646,8.2722247399
9.43947677772,9.41061416084,8.6260244762
8.49603245989,8.06187721671,7.78790840483
10.0391465603,9.24344598584,9.1665147289
9.80070045324,9.77597260625,8.96286304102
9.34793231288,9.20052840268,8.65607029098
9.37825051251,8.87995413243,8.64838284087
10.6094943077,10.3469384955,9.96671515891
9.94046728721,9.87294589422,9.23903321043
10.7397920852,10.5103560632,9.80946408395
8.1426559864,7.90146260503,7.55390300285
9.74895506563,9.14609705768,8.98482519973
8.81801275197,8.5637664796,8.14583215319
10.4944131032,10.2977195026,9.85399745512
9.10433481953,9.04507207289,8.50228753097
9.52125770333,9.31366301438,8.78374021076
9.66985145194,9.3980302695,8.93437641005
9.74400596822,9.62111579072,9.1290958163
9.17137925788,9.0295216816,8.44327298987
9.06771670216,8.62816418504,8.43278686824
9.25595596969,9.18107094322,8.68708554783
8.66161584184,8.39104955977,7.93458881446
10.9072017377,10.5447378989,10.2493924692
8.65952626205,8.58920425601,7.92858945119
10.2328604005,9.96267069975,9.48441929986
8.83137585199,8.51113912279,8.29276108024
8.24391838761,7.74909840877,7.68523849178
10.5307109063,10.0879607788,9.58601371362
8.19805800314,8.18007694751,7.65619888465
10.3464032652,10.1267780428,9.45235130289
9.69664399269,9.28101446382,8.95861378927
10.628221514,9.95708829259,9.73045265694
10.8554250795,10.7874273623,10.1862052691
8.59397201673,8.20373718779,7.90160954541
9.36402877897,9.28614953121,8.75034709264
10.6413504849,10.6098374599,9.95251878775
9.0321310118,8.51372725702,8.24578683005
8.05873176825,7.85247616848,7.34950762908
10.3558604105,10.2627728824,9.60491399576
8.15600877836,8.04070948494,7.54384402143
10.1061584267,9.55807749384,9.40938569232
8.81387938011,8.46522064306,8.24940315466
8.59978504564,8.45583272824,7.86398692363
9.35201194124,9.1291658931,8.56425577779
10.2694647254,9.85182437765,9.42769675984
10.4205755008,9.86092110914,9.75484883821
9.95813485458,9.79268884094,9.26641453394
9.74774269251,9.56987486652,9.09329770978
9.58654371924,9.39259890427,8.89770173303
8.86678344797,8.39118319771,8.25767925521
10.9687715557,10.4525587971,9.99808748055
8.96946315153,8.79541725936,8.33118793256
8.62912220106,7.94895572418,7.93342713466
8.64249948988,8.38680611806,7.95475118783
10.749394895,10.6620675567,9.95264588393
8.75976238314,8.38031235268,8.15366901167
9.84537503578,9.51804472564,9.09982856452
9.8232420858,8.99473755721,8.97968451619
8.20107791944,7.92273462232,7.63133542348
10.0515808456,9.76736504415,9.25964810375
9.36277011144,9.25946935757,8.57398657947
10.8198937585,10.4614376883,9.92990064752
9.34097053609,9.02662586006,8.62911762206
8.08899561469,7.87258200417,7.53311160531
8.46303825799,8.43725669993,7.72156296347
8.98263131718,8.88116699432,8.36392720298
9.471874271,9.46717269913,8.78575567847
8.36767259429,7.85844788048,7.78011052436
9.51910522277,8.92321114368,8.86741326281
10.4848159174,10.1387169003,9.79213277251
8.31539365252,7.8079296663,7.67501566145
10.4979273287,10.4414034339,9.83885168514
10.1416322289,9.61026217329,9.38424236848
9.59979472568,9.59755831814,8.94543173937
9.31956338789,9.10487625035,8.73467469294
8.69735443107,8.09616168635,8.07094226181
9.3755421384,9.11975998957,8.80336977983
10.1890960044,9.91114399478,9.45060587157
9.74822873657,9.53447647946,8.97306002712
10.8890281162,10.4809266282,9.94348603812
9.13147217274,8.84576727775,8.32814527736
9.01339670714,8.67894694194,8.31751691075
9.94603947383,9.42047087973,9.08091772579
9.07025043955,8.57155128409,8.42420346383
10.5725432065,10.0006927507,9.91477689549
9.35272644259,9.2119686273,8.76314107368
8.1405225794,8.14013045211,7.60290531325
9.53147721655,8.94203415188,8.92137091019
9.34184776347,9.00165324191,8.75120316355
8.76396106175,8.23629247383,8.03946981366
8.84881675243,8.38294857309,8.15208761459
8.78775468619,8.43551235692,8.01163073702
10.6915999259,10.6119193148,9.93949999585
9.67154508148,9.21858514426,8.94121115987
10.8153127374,10.6197022775,9.88628280113
9.80139808646,9.38278878394,8.94353751883
8.78680312721,8.30839429819,8.03158659134
10.3064648539,9.85882352518,9.65498525843
10.5283126634,9.95383607759,9.69379012905
10.5868383873,10.0460765123,9.82313831194
8.28611722454,7.91597853238,7.57864885263
8.22190713111,8.13314865749,7.55344106183
9.28309761602,9.1987379687,8.63966455888
8.51130638142,8.36353247249,7.75662138415
9.48589280886,9.30091690408,8.71928151882
8.1169471135,7.98221189636,7.60758919474
8.92172797434,8.34849980068,8.25914892838
8.82756699906,8.78701654805,8.27506699215
9.02398377557,8.50981272759,8.38876712507
9.94774707733,9.24445867844,9.20305844701
8.73849247891,8.58818735396,8.19080055746
10.0959270014,9.44159001093,9.39810362644
8.46186149038,8.06124613981,7.80964281568
10.9738580576,10.5947779816,10.2549458981
9.09152609792,9.02148329142,8.52615760699
10.5304610273,10.1931442382,9.84656636664
9.92818939829,9.85311742198,9.0350506254
8.85385144879,8.54675595726,8.0607776517
10.5573624542,10.2597317713,9.762199334
10.1323859494,9.58861825634,9.23587030109
9.34965115572,9.02369691321,8.59621423159
8.25581242624,7.52607704377,7.51644683173
9.90331227561,9.19492234129,9.01837011375
10.0064227591,9.2892174794,9.21559684762
8.77342570466,8.23259102821,7.98383035847
8.98745533415,8.8864129459,8.44022513932
9.61242796093,9.35088552443,8.99683947848
9.53871789754,9.15067900667,8.76663378696
8.1608597511,7.63508601312,7.46128829443
8.70955278343,8.32919884364,8.04571414984
8.78590911319,8.57076072052,8.22446608085
10.2272321401,9.53927056387,9.38501751278
10.0336860711,9.48680153836,9.17210358235
9.00310944428,8.88872599346,8.36676446648
8.94761981488,8.49343767695,8.22986261748
8.2461542614,7.69860866754,7.64001419348
10.8308060064,10.2363636494,10.1744463094
10.8899145914,9.99870454837,9.97244869772
10.9490032182,10.3996575044,10.02072936
9.42481805703,8.6703259251,8.58688024908
8.28928681603,7.77920412285,7.55867918567
8.8111341535,8.79340943477,8.11577139654
10.2454770407,9.88121776899,9.3600947887
10.5026465558,10.0209131735,9.77165735626
10.8484053623,10.6709950099,10.094548746
10.9554999762,10.7414065127,10.1411055537
9.20805447761,8.56948661996,8.52743024207
10.25251101,10.1778478357,9.62580034057
9.29253309251,8.83017349432,8.6605891777
8.42430979109,7.9969257277,7.86934353955
8.87198187502,8.64326383442,8.26262523284
8.69902069159,8.55241467635,8.1177547372
9.33257476067,9.02227470328,8.4949676126
10.15461836,9.38593114646,9.29025701304
8.88652891276,8.43527790563,8.18906093914
10.8254732285,10.5920905438,9.93350723279
10.7452090148,10.2017603614,9.79254518688
10.7083628482,9.95439672921,9.84662099736
9.33730061535,8.94990711238,8.74739811287
10.4837339589,9.75487149395,9.69266286853
8.55989706171,8.03112171593,7.85118994422
8.34896483704,8.01048779535,7.61043192913
10.1770334605,9.63375324386,9.45537805776
9.62195267124,9.27676050298,8.85390142145
8.12288305801,7.4510539497,7.40027734009
8.847397423,8.64303434592,8.21714525772
10.9230578462,10.753639549,10.2447127041
8.46765778299,7.74411038718,7.71592196235
9.93368583421,9.18074781029,9.16351020122
10.3641098711,9.88202576145,9.70576104751
10.6100216666,10.3377197939,9.8413184259
9.62452068591,9.180355039,9.02139361967
10.9128961303,10.8614110796,10.2249935055
9.24387229145,8.9266728674,8.54288203024
9.76172810809,9.39969318276,8.96058837913
10.514679408,9.85702557806,9.84368517539
10.7308309425,10.7037319194,10.0393602779
9.33644623619,8.92512737703,8.69463551169
9.32548903331,8.84236156771,8.73626440788
8.96089937725,8.59183321928,8.23937999905
10.1933253802,9.61033376818,9.39782172911
10.8465905417,10.6466944404,10.1276652452
10.9933797749,10.9004199684,10.1955985781
9.24829586569,9.16073543762,8.58506324666
10.2878663406,9.87065193886,9.3864163523
9.18595551065,8.88939944022,8.53797304008
9.81040335368,9.16065361606,8.963956393
8.25372771266,8.16024270733,7.67379065814
9.36811384032,8.87441210426,8.65773080757
10.8963619571,10.4426745251,10.2288896954
8.87036184143,8.81273726199,8.22935937407
8.28796324829,7.67153256012,7.60538898101
9.2171092531,9.17615091716,8.51978091643
10.548490522,9.96915897421,9.89930450582
8.47574316842,8.25409405701,7.95190425947
9.91105385361,9.56364896464,9.19955382988
9.63879564997,9.07819713575,8.9377295788
9.62430029957,9.2008087405,8.80721243195
9.1419004487,8.77415410209,8.49525282045
9.39432751565,8.75419800787,8.70230331306
10.785855594,10.7316232371,9.87477980217
9.74399183979,9.38195395239,8.89558360363
9.72270017088,9.28931865241,8.98175394744
10.838334491,10.2119613018,10.0725470107
10.6303188048,10.0879976622,9.93051316226
10.5732908143,10.3722571385,9.7264723797
9.14580548003,9.06862171149,8.54409973829
10.9877815295,10.7306999231,10.0969078509
10.8462496146,10.6502311452,10.1199928132
10.4878253328,10.0488757444,9.6988170402
10.5099241268,10.1678103368,9.66700139596
10.0307396656,9.53778715237,9.15394451702
9.55825064146,9.14185179462,8.94968293735
10.2107667699,9.88463112473,9.4877679982
8.98216952959,8.62943307129,8.17851700561
10.6967227434,10.5646654822,9.76635253192
9.93706077966,9.64756817121,9.15427419856
10.9225890305,10.5340803514,9.94828760962
10.859644252,10.2036951408,9.98466159868
8.45777114068,7.95017650224,7.93609785003
10.5469775471,10.1379585461,9.77558851177
9.82978453964,9.28346657964,9.13734617638
8.091347793,7.46106834033,7.42784538213
9.11210821662,8.97004608717,8.34621063108
8.82647303197,8.82336317932,8.19617138907
9.67635947687,8.88663311984,8.82308951742
8.20283606785,7.98685344961,7.54886315295
9.98634431201,9.86329104421,9.34309635494
8.45402262807,8.2962065161,7.80795240644
10.4507285305,9.66778463999,9.53672059298
8.58877961782,8.31861159022,7.95007547347
8.82856334583,8.31329465192,8.06664407741
10.524013669,9.81936458718,9.71033264001
10.880671444,10.4685535268,10.1814310851
8.3506245622,8.3379350583,7.63291250596
10.5969760946,10.3993130566,9.80792422381
10.4555760789,10.4087202265,9.81607077188
10.3531221352,9.73899576569,9.67649462992
10.426062962,9.92166468157,9.66714340026
8.74071182159,8.59216670856,8.01476686587
8.82831868274,8.40390669786,8.24304276491
8.70630929934,8.45749223131,8.03083435564
10.4398625738,10.2712704687,9.55296156111
9.38977741334,8.91741166237,8.71646311154
8.48973860777,8.14185220793,7.88848408041
9.85011767478,9.5121802019,9.22218545743
8.71732513996,8.33538935117,8.13104748613
9.28465328105,8.51284782432,8.47082755895
8.32327571653,7.76665273733,7.69969552851
10.3517887344,10.3455037314,9.69637703214
9.62487278382,9.2457239019,8.97724362033
9.50670785532,8.96150555001,8.83227075177
9.98801289849,9.82063210736,9.15505039498
10.7257052924,10.1226755342,9.85693836512
9.77852735375,9.21636561655,9.17152956559
9.82946927283,9.77552527295,9.23047822439
8.88272853897,8.78615203728,8.31124760272
9.66244793667,9.10407107447,8.8016650209
10.373657587,9.75121691378,9.73454795022
8.96730201566,8.76478231737,8.40171960122
8.59371919167,8.02180506603,7.86491375405
10.5691678244,9.89267279655,9.78407411773
10.8157977899,10.689901345,9.94398795003
8.38448373943,8.16513590425,7.83737800069
10.0575523947,9.47708254553,9.17914635745
8.31677164122,7.81936977849,7.73564984637
10.4787106824,10.3682769008,9.63598841727
8.90558100262,8.25966516744,8.15365553166
8.9936280877,8.48198884814,8.21250758482
8.01863967184,7.67188923909,7.4516855379
8.19072003426,8.186948926,7.6485789162
8.02552200271,7.61344676819,7.3534893377
9.75131778688,9.13800671791,8.91476516283
10.7945764924,10.5944338032,9.98966670678
8.30412358444,7.89299167852,7.74942676351
10.3267619456,10.2958815533,9.70101178016
10.7907929596,9.89268098926,9.84614865533
8.84066803882,8.50886565759,8.05172971303
8.81211924377,8.70139338829,8.08847528107
10.0385216267,9.92188580014,9.19964781529
8.79720376052,8.4503076122,8.20007120122
9.27331970618,9.10865371937,8.46674135418
8.76749558752,8.69723087715,8.11269468761
8.78016890453,8.34831296766,8.22870952523
9.89122409683,9.51816675868,9.22253502242
8.17341012712,8.01815442722,7.59624013564
8.15419133536,7.8491329156,7.56007863887
10.780342474,10.1333206012,9.87441123285
10.5279374157,9.84016797503,9.68507271266
9.76930728231,9.30651103903,9.16875515698
9.34194833499,9.2253446868,8.75872066849
10.9675077204,10.431793029,10.2528443094
10.1329599646,9.69463283507,9.50420760177
10.8932139183,10.3695374616,9.95516335778
8.00263775761,7.80131245799,7.30941637259
8.46485223906,7.93519186713,7.92541697316
10.8813541827,10.5783239068,10.2083254079
9.89239667043,9.07226996105,9.03181866632
8.62369568341,8.0592743788,7.98858499807
9.84060346247,9.76237314652,9.15856417479
9.82600487839,9.29392806747,9.06308667711
8.09097136744,7.7594074566,7.44428429189
9.68861365946,9.2371962318,9.01942117655
10.8717901787,10.5916187612,10.0868289023
8.30550372848,7.85850972021,7.79272014266
10.2427415612,10.1384814427,9.56332507483
9.68399306282,8.95741250286,8.89289393282
8.93333714893,8.51127918158,8.2852065368
8.23232150295,7.86878552466,7.68038927494
10.5706211695,10.1508108282,9.69350165104
10.1553305526,10.1435174659,9.24202803579
9.77346863668,9.46471159725,9.11528056085
8.366363239,8.16913341903,7.78108453769
8.30483921915,7.97356090733,7.78016243229
9.39564055575,9.26899598547,8.65506551282
8.66914792613,8.56968744204,8.05214448504
8.77664685044,8.23016762543,7.99045799253
8.66174116833,8.31297565054,7.91523450123
9.21372967096,8.96245387862,8.60552686246
9.68853933543,8.85555914828,8.832732023
10.2301104428,9.73550483905,9.53470256931
9.54121141371,8.95009237693,8.8597496873
9.86472710061,9.61706843571,9.20743140291
9.38723795899,9.24151309936,8.7959032343
8.31770687065,7.94126613265,7.6396189478
9.4830413655,9.42806934006,8.88144262602
10.0533709606,9.35479928779,9.30845665252
8.96802965519,8.88186896423,8.21081992728
8.43213628853,8.24870721472,7.72054728742
9.53296607105,8.79592371186,8.74017322896
8.62402195443,8.15052797837,7.94653268286
9.67478671368,9.18503158225,8.91064241273
10.0197208931,9.5432105503,9.17310442531
10.4549189196,9.69469490968,9.59867076454
10.7635536092,10.4283102855,10.0398128023
10.8094883759,10.6469036745,9.95492916426
8.65120083962,8.21219872275,7.99963601318
8.99432459585,8.25934676799,8.24375326736
9.31414781722,9.08524191525,8.73055852907
8.77220204585,8.51644171635,8.14783402872
8.04717327739,7.9540021053,7.49722907731
8.80119255491,8.58011638714,8.15041573987
8.96488517362,8.84975633936,8.24117571728
9.91125694752,9.78825825096,9.19145660289
10.2053182802,10.1073303332,9.42376078449
8.74618025002,8.59482408498,8.10952792415
10.2145710623,9.95556803007,9.33008274961
8.21487838473,7.96681344799,7.63266724418
9.93724537013,9.59791651184,9.12841689054
9.3069076298,8.859452801,8.48418576511
8.01443919492,7.74899009809,7.47692928476
9.08193817961,8.50234901683,8.33471843428
8.13874839953,7.65413215376,7.41926977628
10.7168092776,10.6548507437,10.0418716333
9.50517219926,8.81359427167,8.74307784461
9.61043505871,9.60333432631,8.854582206
9.8625515601,9.76518374885,8.98568818382
9.50725410311,9.38506964111,8.80179229407
9.31199327337,8.89884662226,8.57458196514
8.73414281008,8.12040876018,7.99319342989
9.80887572226,9.33900302556,9.06510947182
10.0569826491,9.66704045986,9.2210270928
8.04621609539,7.50626486971,7.44023009019
8.07786081656,7.94627515106,7.54674152122
9.16857250988,8.63957648417,8.43139942106
9.58548532161,9.25185966784,8.98487378975
10.1998962579,9.61595572882,9.48193131347
8.12859154877,7.61707905569,7.60370390315
8.9134807089,8.66022810437,8.22772999174
10.0939787415,9.70664132818,9.3296803454
9.93808016289,9.30452071666,9.22576390393
10.0250812246,9.55161426346,9.41432871356
9.81676611284,9.24739656585,9.07137066754
10.4976332464,10.0421391299,9.72190844794
8.87110189939,8.78996316097,8.16350030578
8.49675045244,7.94990432357,7.8570163611
10.0323630486,9.7898404372,9.19492909059
10.7918732731,10.4958441651,10.0519652095
9.24685198448,8.91948948132,8.42477972843
10.1048604702,9.75376696211,9.39840386305
10.0470599259,9.81341272355,9.21846538752
9.87784075212,9.80532440934,9.26424940115
10.8859301277,10.3209921169,10.1648800479
9.1286434617,8.75134798166,8.48134316426
9.4764364477,9.19698943962,8.63139065569
8.19398725775,7.85624448545,7.5705759984
10.8160327767,10.4967476135,9.91733402452
10.3589585028,9.70442089881,9.54855523866
10.2647254281,9.91069436885,9.60572727233
10.2972816691,9.6927056438,9.58089785715
8.78917622962,8.45927550225,8.06764056847
10.0179919593,9.78642015714,9.23571696794
10.0129757749,9.44061734709,9.17445406521
8.74770074429,8.70995014053,8.04397301054
9.25094270413,9.20443074009,8.58666486335
8.7551661492,8.49151223651,8.1224016732
9.04990582174,8.85710852453,8.24891668277
9.08330200466,8.90226086046,8.38582311812
8.93388216977,8.6037697522,8.33775019771
10.5582621134,10.4015261148,9.63193234795
10.110471307,9.9422718767,9.48203723827
10.0087990368,9.51937646658,9.3749353299
8.75328735769,8.71062531349,8.19938404264
10.6592641232,10.4668799864,9.85215358503
8.44548635454,7.96472331901,7.83307366215
8.75274274236,8.50949969028,8.21122201358
10.4214775615,9.84329497802,9.76931286462
8.75998465443,8.29241330551,8.10687363505
9.34719693017,8.9667075526,8.74145282934
10.8669927251,10.628738917,9.98724818749
8.94972860656,8.8574110624,8.32044011732
9.59626288337,9.16368725787,9.01116487503
8.13201185372,8.01670539084,7.61924548021
8.81302454352,8.80302629245,8.03220968417
9.41750863293,9.19588941357,8.57759186926
8.05623806508,7.68349539292,7.44086048645
10.7621295768,9.93805267775,9.91935251228
8.00453033378,7.93646747561,7.37360097433
10.0667295789,9.29145062152,9.23334150424
10.8121723995,10.3583408533,10.0680080153
10.7432697513,10.2675731548,9.87743396284
9.36444490625,8.89484618105,8.7142480745
9.9207540573,9.85070957146,9.28395362683
9.84160189544,9.47824924101,9.12363466425
8.48610483025,8.34095099002,7.96608355574
10.212598722,10.0818891047,9.44576753232
9.43887354675,9.12027201591,8.81415886763
9.42284621958,8.83500844462,8.73424686347
8.3345009554,8.09753195483,7.7732639317
10.5069918948,10.003362467,9.68420362322
10.6061353383,9.92459523107,9.89003179603
9.56334640475,9.48055516287,8.84830946273
8.31610228894,7.72651495271,7.662858138
10.2559309499,9.66864807075,9.55084385517
10.686503402,10.4898131238,9.81159030679
9.95320422737,9.33540274305,9.32547494912
8.06867399572,7.76694755297,7.55333395349
9.64461902135,9.09915234378,8.97096491007
10.4847538314,10.1326780541,9.82328483245
10.7925511098,10.7806044463,10.0784288734
9.22491212105,9.13619851927,8.50559957971
8.57723729304,8.0254067878,7.82795567413
8.28407183531,8.06725976603,7.77605314577
8.98759820101,8.48694276258,8.32300037369
9.24675732456,9.03365341804,8.52453012661
8.37479968588,8.33844269462,7.83088126983
10.050656815,9.85677169283,9.33984845473
8.74821717374,8.31267912202,8.14916385807
8.63856809503,8.44315771606,7.86180170443
8.60235391052,8.46880219912,8.00146316596
9.68902145533,9.27259275584,8.82767040042
8.61812789504,8.39726268797,7.96511124033
9.75939556325,9.44636023278,9.06378953265
10.1748824971,9.51028060836,9.35516745207
8.688017144,8.57914382178,8.02248021111
8.63522234665,7.9040800589,7.87286746277
8.0188209252,7.94506639986,7.51386201554
9.26413544279,9.01331347593,8.54898382549
9.45485060343,8.97563357935,8.67497363134
10.1162788117,10.0329065421,9.44959649265
8.46232352649,8.35875019986,7.90491460193
8.16049853854,7.79719916865,7.49758519708
10.1459778704,9.82991523222,9.39045863164
9.86515719797,9.52286630783,9.21400087174
9.38547457098,9.29083774049,8.62366996595
8.34520919713,8.13683714555,7.69792413593
8.77543904244,8.7695563502,8.12821239635
9.06358886055,8.26996294827,8.2538157588
8.44218744396,8.2555621471,7.8088834068
9.32471434669,8.57113178299,8.55981645235
8.16284439679,7.66171182884,7.44511531542
10.2736282772,9.97385775774,9.62264960587
9.99641021679,9.43150547301,9.21439822018
10.3444614422,9.91313492975,9.44505171149
10.1655333163,9.72820181133,9.40910868585
10.3593437273,9.86141651613,9.43038185313
10.7389061554,10.5356258947,9.84294953652
10.6126966743,9.92327065883,9.8217541614
9.37732261116,9.29779334951,8.6070686158
10.2629068637,9.84959997338,9.60764090971
8.08836221038,7.78906154551,7.50607595604
9.93215844121,9.77668221077,9.21994903953
9.16047348412,8.52612147021,8.4321071989
9.43039490581,9.16790056989,8.68704163832
9.80510103875,9.57446903413,9.0727060571
8.86600014444,8.54152159553,8.30560769777
10.2330633032,10.0172455666,9.59436349757
9.54882078274,9.01850951832,8.88477343164
8.77014886365,8.4396241676,7.99469483276
8.63586632186,8.32587065572,8.05987179592
9.6501184544,8.9371530945,8.78559548533
9.2107345743,8.76441129744,8.47872390031
9.07252175046,9.04283913528,8.37575660238
8.65071167081,8.10086022285,7.99678673334
8.08769284236,7.59144197694,7.56448615116
9.07998923455,8.92073613092,8.50256737624
10.5010547898,9.98365635399,9.76399980312
9.98325805315,9.57842191794,9.3234663752
10.1320343249,9.97212557484,9.44449335188
10.2060877118,10.0304921596,9.49522132011
9.82175766558,9.25700122232,8.93799244758
10.322222709,9.8134632123,9.46354428425
9.01518438486,8.90063677044,8.26997082481
9.13926135025,8.53436696484,8.46959587527
10.5700746256,10.199056685,9.87779205908
9.80744314247,9.00785469727,8.93614075778
8.46442940284,7.96549858569,7.78653207854
9.77302470929,9.39777524937,8.98749253551
9.95853653693,9.6450565004,9.17919484384
10.0143629384,9.44504563157,9.39804272939
9.2595659431,9.23218023684,8.69088655561
10.693144033,10.5922743467,9.88627860683
9.02173481097,8.67241559091,8.3174994185
9.27287777358,8.74741869812,8.64351804317
10.7754164351,9.92012696525,9.81105753221
10.9466852235,10.8194558234,10.2637594742
8.86463406914,8.66817764967,8.20955283937
10.3718439179,9.80125632014,9.52185045016
8.47631456804,8.05494709026,7.93389170581
8.22734004205,7.87646209511,7.58042017961
9.40715666231,9.31239905645,8.6512620698
8.96672583004,8.95161248396,8.23185280788
8.72461510076,8.36625471265,8.11366831798
10.8028378961,10.0783471211,10.0301342102
9.30815871308,8.81657298786,8.74833313063
9.09393206715,8.95035401526,8.37575592899
8.89701324177,8.51079606067,8.35873120117
9.37968791531,9.35350840121,8.74756706532
8.64056694547,8.2485933397,8.10836067548
9.54895647129,9.30167448054,8.84887772205
9.30631401226,8.91430936844,8.57714260193
8.93428889163,8.85319328493,8.25007128643
9.18070287114,8.38726223153,8.3797283341
9.96051670356,9.72820873947,9.35174221919
9.55456047163,9.39261735081,8.84668555088
10.9600429534,10.7363538461,10.0968928087
10.3534928928,9.8530811393,9.6163196242
10.2133689487,9.6203964699,9.46762993642
10.4255000781,9.7736695893,9.74969231647
8.04100402131,7.9935835861,7.44091984167
10.5727009936,10.1021322022,9.79818285781
9.35948510784,8.80345041472,8.65207923456
9.29548289369,8.68509343199,8.60996767235
8.42854330583,7.98664812168,7.67980325814
8.42290003753,8.13950359247,7.82913981945
10.3406126197,10.1721576003,9.65249105508
8.91065788872,8.50776491832,8.2082423659
8.75667465535,8.2923595191,8.01883988459
10.3238656504,10.2657079613,9.40370340704
9.10307355654,8.4358586926,8.30511572257
8.74998022279,8.34900441235,7.96280875205
10.7840479443,10.5781137291,10.1263750419
8.94093080388,8.9185880675,8.15374524185
9.46713515033,9.20649661453,8.89893393694
8.72123088338,8.7145851501,8.01818373346
10.8478133389,10.5880878567,9.91182778968
8.79215369723,8.62302337941,8.04226865972
9.47023019394,9.23085621295,8.62828149086
10.7300585501,10.469885866,9.90908476586
10.4833459108,10.0865768014,9.78061840118
8.05990363162,7.72315755122,7.3779580601
8.17451778912,7.89379617798,7.44043566411
8.57356897577,8.43437390861,7.95300701906
8.5527198037,8.42347302297,8.02224183243
9.68262452713,9.45059775813,8.96355160763
8.19569075598,7.9216696095,7.54020376715
10.3047619149,9.96121876533,9.43811313106
10.2207655016,9.81843790685,9.5302074584
8.43206368174,8.09176896918,7.70467396447
9.27614010978,8.79065041244,8.50669919064
9.23169418948,8.66328508251,8.65268988285
10.8256607365,10.7976680975,9.87579431366
9.27048095103,9.08143816191,8.49925531152
9.76529140207,9.04093307929,8.96854028358
8.52456117256,8.51592465064,7.82723451929
8.82882468225,8.61238353487,8.11734800704
10.4491035186,10.3169300824,9.81579561694
8.20662359019,7.67158060674,7.53420378387
9.54168182575,9.42892687549,8.90934437477
9.49329207447,9.1432930564,8.84879318792
8.32203294289,7.95164935628,7.78595795256
9.78457702494,9.28043190403,9.12639579789
10.659674381,10.4832437956,9.90169694504
8.52848994901,8.24817111796,7.92444710145
10.6456956266,10.2437339915,9.9490783394
9.71254215789,9.1638808973,8.90520429231
8.82098630206,8.37768563848,8.27045241383
9.48425605955,8.81748659836,8.71459343097
10.7846441377,10.5680771145,9.84857629532
8.33730673219,8.115734739,7.72058682693
8.03664414433,7.37880585841,7.35451562201
8.90643292752,8.88466859529,8.19717199305
9.9538510599,9.57808097025,9.13019784537
10.7575676305,10.5533905543,9.92656605484
8.29520494507,8.11329141734,7.59055827455
10.0945049356,10.0197959516,9.28492709496
8.87937493077,8.39052572733,8.18127858963
10.6697478234,10.566919726,9.84226864549
10.9953661616,10.6366112814,10.3084262981
8.16699193146,7.69526978985,7.55471977971
8.81459739179,8.66170165564,8.0673995714
9.05265520058,8.55963278983,8.45863559875
9.01247781089,8.49405630244,8.42174845686
8.9729236418,8.89271899478,8.41752059216
10.1079491902,9.4837942552,9.27627289155
8.10518158449,7.86476310417,7.57512567975
9.52253523695,9.32383267448,8.72213117605
8.40967908802,7.81992877422,7.6714022491
8.79804386423,8.69051671781,8.25883083889
9.26790951116,9.19274564835,8.61123144974
8.66650630905,8.2588893985,7.89513674027
10.7688971796,10.5869674992,9.95885944091
8.50941109597,7.95805492235,7.74442671515
10.4588229033,10.0927344293,9.80888225955
10.0687118592,9.71185218408,9.33624417019
10.2739385875,10.1008005205,9.53067528434
9.43116364913,9.11494873043,8.75447047462
9.19611775264,8.67009477385,8.4927090938
8.04363750622,7.50638433468,7.36591781976
8.02711154659,7.86333029933,7.32045171759
10.5303483455,10.092380544,9.63393007808
10.6235495434,9.9183634872,9.70891162179
8.20705500336,7.97784179678,7.50660315837
9.81874899976,9.51792600807,9.18605822166
8.01277348063,7.74851043764,7.3311897527
8.92472731168,8.88962428907,8.38437533052
8.17812109043,8.03377012134,7.50008258832
8.27872616549,7.74712785719,7.59111967258
8.89951811117,8.50329829672,8.19186743943
10.3458498418,9.94964332458,9.4830873478
8.57544231363,8.26615087182,8.0264522953
9.72733953594,9.44920507015,8.92744282405
10.5563130365,9.77458842624,9.73168091271
9.3543514229,8.89927133298,8.61573356864
9.44454122886,9.02115181038,8.84214971295
10.3879415117,9.8504273376,9.69210613516
8.14638570666,8.04910129454,7.56196150224
10.6607015306,10.5942161138,9.97842658668
9.95895416028,9.83236854168,9.10428258594
9.37169936795,8.85004346417,8.74309910155
9.54667309293,8.81534007153,8.77263182895
10.5899288046,10.2779664058,9.86296868506
9.71949341249,9.30183813271,8.95305844939
8.87209341575,8.47677144691,8.28949324365
9.07331708039,8.44254218421,8.44248808022
10.8860795452,10.350612416,9.96211607731
10.9598275832,10.5714495074,10.0077832226
8.82470961591,8.6369074239,8.24193383817
10.5175956565,9.95779395489,9.61977887472
10.4600561704,10.0302027291,9.59937671781
10.6458532721,10.5036942225,9.86647378182
8.1001109897,7.98390447372,7.47576064609
10.564313222,9.92954092299,9.80798483408
8.8798154764,8.61225964824,8.12571556142
9.87905816547,9.87723548082,9.11138294728
9.73502387854,9.43560419877,9.15047049227
10.5368604413,10.1303514786,9.86131915643
10.5365770575,10.3648009043,9.7988005017
10.7423838498,10.6887618932,10.0967983349
10.4952474716,9.96901998329,9.84101390391
10.4652499958,10.1262751294,9.59889782753
9.91863446956,9.75662922544,9.26779277403
9.8144246617,9.69661471719,8.98172877838
10.4446899174,9.71057827931,9.54589971459
9.32986908519,9.24623618667,8.49906476261
9.72164828453,9.67871512696,8.89131320741
8.07493207683,8.03175184213,7.38169799277
8.62893093845,8.41783496302,7.95921613738
9.62500786532,9.50962267094,8.89337793826
10.8140325196,10.6700132258,9.97078908362
10.4579868106,10.3037465121,9.7690402179
8.66927274652,8.10467734614,7.98571055796
10.2762184879,9.7088112986,9.56487490732
9.87230949524,9.57104750782,9.20163246207
9.65872844816,9.54247034497,8.90517416015
10.56328774,10.1401263472,9.67683625938
9.37135963082,8.69851735639,8.59185139117
9.11755998287,8.92722994118,8.52203515545
9.80282326978,9.44105692028,9.15029427447
10.107108414,10.0028051081,9.40082669989
10.1517111096,9.90403061997,9.32604122628
9.2155309543,9.08669043919,8.56899447434
8.13821921014,7.98749953395,7.48826580254
8.25127855649,7.90723231379,7.62721545543
9.80935224302,9.59436532523,9.21069182796
10.8411233103,10.7007866161,10.0062926259
10.7947828202,10.3570078129,9.91138214613
8.24628238806,7.89981239827,7.71396266764
10.7866144744,10.5536520595,10.1361241635
9.08396992994,9.01183889883,8.4214413508
10.0752401427,9.24982158915,9.24521581746
10.3613173884,10.3362465105,9.70120933102
8.26274996164,7.92322297391,7.5615732668
8.65137732391,8.63876504903,8.07675915074
10.8168201001,10.2313764186,10.0980754161
9.99981045183,9.56254346698,9.38591561207
9.55426886069,9.34225042869,8.9404764332
10.4068110194,10.3029560683,9.6131129665
10.1861487506,9.67280609585,9.29843727341
10.9973400999,10.1658572463,10.0884264268
10.7562591115,10.5534089917,10.0662493272
8.69634283787,8.53648242747,8.00459050327
8.47317177607,7.83360471165,7.76744507856
9.25887224706,9.1236198334,8.45778798361
8.27651416764,8.10306342167,7.73554981951
9.96413092248,9.79547668055,9.34474846725
9.54219892968,9.16789252854,8.88950466272
9.4566296625,9.08300849674,8.78994572441
9.609146219,9.00014436006,8.84572351318
10.1613565888,9.60747762925,9.30155510763
9.26727610091,8.87958001117,8.65302668247
10.7590475997,10.2454698916,10.0838806535
10.614279146,10.2669135244,9.80141914558
8.67352125096,8.49126898639,8.02640604089
9.07885930121,8.87775855162,8.32136107659
8.35592769861,8.31210828039,7.79472714958
8.11623237894,8.00579673889,7.55199589935
10.1095129472,9.46717724942,9.35869759353
8.04808648639,7.56982459413,7.33804189776
8.50917530478,8.18429592915,7.77033074288
8.87612007617,8.27391345759,8.18465730398
8.39501345204,7.76214116819,7.73486040163
8.41315601603,8.11426454515,7.90190060523
8.19615892431,8.1710322066,7.53608019376
10.3442093115,9.59089170463,9.42453935411
9.61052943683,9.49821635122,9.00666570969
9.44357036309,9.37878156181,8.82910299929
10.2171626267,9.53751076409,9.41534486623
9.50793543914,9.1913200805,8.87048769368
10.5922083459,10.1498684963,9.88584473314
8.62148876542,8.4265625639,7.94908524939
10.900540308,10.0566120601,9.94517983684
9.37416052411,9.13215889246,8.74980352285
8.03869356596,7.86792180837,7.39715633308
9.42814603173,9.38363160035,8.65432335438
9.95419950687,9.44597294333,9.15829791707
9.31667537405,8.66130674919,8.54071168784
9.99618234736,9.82053365477,9.35639159163
8.37391083513,7.87654851814,7.83738557286
10.428739651,10.2179667079,9.78909574757
8.18672688014,7.92118465609,7.48724412421
9.7885902703,9.72613490812,9.14263454991
10.2708078108,10.1922751688,9.61949179805
8.55763836506,8.17178272208,8.02136577582
9.82047786317,9.74978055019,8.9537859475
9.40938591103,9.39038322616,8.60186860785
9.42496323549,9.36444057602,8.65793910716
8.8360569876,8.56545016844,8.11315835371
10.8570963627,10.2801080045,10.082368975
10.2495092768,9.93469490147,9.6181546876
8.89380967607,8.27152939017,8.25090853399
8.84904969051,8.50471753872,8.18337659817
8.54070193752,8.2243253727,7.9748889967
9.30640171697,9.05643565115,8.6993973948
9.00910874214,8.51402199043,8.3535603457
9.87899882885,9.45599567048,9.05950359696
8.92093962623,8.61184661783,8.28646129313
9.46747237261,9.23753119337,8.75252737732
10.7967600226,10.3495920843,10.0104829329
10.1322856087,9.55116114628,9.23760867302
10.9462778013,10.3584489569,10.2037782614
10.8374639325,10.0918060465,10.0557310215
8.28823849273,8.01929700278,7.59563584713
8.22229531713,8.02368145269,7.62259224403
8.34952834607,7.87781440719,7.67835185053
9.83339257537,9.71566461312,9.07727783626
9.24846436676,8.9608022823,8.48528544261
8.00086204699,7.74420414595,7.44202432228
9.23395985884,9.23063615048,8.5619717882
8.51678186937,8.41525345618,7.76493573646
10.6723263613,9.89180050564,9.86785103341
8.31956018544,8.1416004327,7.63049646318
9.14631469798,8.65037037681,8.32578750489
8.40608374418,8.36734191567,7.89799981473
9.44142419432,9.41372576388,8.63217854879
10.4530010188,9.81679058184,9.63478232155
10.9250754254,10.8026260714,10.0014978447
9.42869442037,9.0437706153,8.78998621347
9.89745132956,9.41932793407,9.01394336949
10.216261523,9.93003007419,9.45565284786
8.23652052474,7.9371161455,7.68254243439
8.98123317329,8.67331178872,8.35138947532
10.5795057683,9.960048117,9.87316753757
9.99741696217,9.60682411763,9.2770269635
8.02659075963,7.89402353469,7.5065240091
10.2449546767,9.6699512719,9.37065836863
8.5683475911,8.15116424959,7.92599565932
9.21025838223,9.1649902239,8.60372367427
10.2721237327,10.1246026762,9.52976645893
9.51989948795,9.28051656421,8.93675234644
9.93234319565,9.15996451629,9.10013646965
9.686675317,9.20915077539,9.02609701536
8.48377729887,8.18098103495,7.78882548396
10.0075813193,9.74737343751,9.1534244497
10.6214874287,10.5873659801,9.85818950125
10.5417361888,10.2633505203,9.90806355296
10.5903513241,10.2118024464,9.92891757616
8.55263206343,7.95185486373,7.87680056304
9.31015855027,8.93217107201,8.62624012263
9.52844881351,8.92957691633,8.72590542649
9.04186226014,9.01114214973,8.3807160439
8.02221781923,7.8567734216,7.33296151296
10.8311351827,10.763046341,9.88398023845
10.1744890926,9.93389856723,9.54086451057
10.1131124126,9.39366384621,9.22096340319
8.951651996,8.5752108369,8.37304344728
8.17379032521,7.8176307813,7.57849516352
10.8298686573,10.6294164493,9.92424611435
9.48842818193,9.11177448956,8.90912775642
10.0013017209,9.83655459424,9.37847677853
10.1612891694,9.80480085828,9.35427088951
8.06335126549,7.87074052352,7.47518306514
10.2210998136,9.93391436814,9.33651653131
10.2185776969,9.50329469662,9.34685914119
9.63155025602,9.02405250288,8.87342782214
10.7920563078,10.3670615378,9.9018334279
9.97349324675,9.3786541434,9.12367982916
9.75688676091,9.39018464943,8.8964911245
10.3676186859,9.86241084467,9.6178487374
8.12846212698,7.95170190949,7.60766600827
10.2615721952,10.1217056652,9.60322937172
8.21365524899,7.91270786393,7.69666849611
10.5207158434,10.0633343276,9.78832503783
8.07162010415,7.99146717573,7.4363010958
8.37018735172,7.69059162245,7.63911375572
8.53465319032,8.18324274393,7.77105528916
10.6714883657,10.5969193644,9.82619875603
9.69240231148,9.26473008789,9.09580112704
8.69986708354,8.40473432208,8.16224348688
8.42863334485,8.27492793594,7.67744106403
8.97429953874,8.34668673507,8.27158803051
9.63933947007,9.01974257995,8.80136808589
9.06484328716,8.70178628232,8.28104500938
9.79802940246,9.63062549879,8.96619625116
8.98144362313,8.39976233929,8.2584225766
10.0080370004,9.29653659516,9.25591321623
9.12592864298,9.09725728501,8.48143218152
10.0291269945,9.63894950927,9.42287091281
8.97907352397,8.85119224837,8.32306037551
9.28943642667,9.04822137791,8.50042587351
8.20293135903,8.15189891571,7.5511875091
10.7135303284,9.93149812889,9.81332103608
9.69088234589,9.45466749141,9.09310546958
10.4920990288,10.2434061605,9.71255820103
8.01838808565,7.99883523412,7.4840248136
9.90627088487,9.27743603251,9.20767205973
9.35104989845,9.23843460703,8.77231471219
8.94955829376,8.66462772771,8.22580871285
10.2002574837,9.4555053821,9.44375404188
10.9521477497,10.8632167286,10.2202394869
8.31556032424,8.27905974299,7.66878475195
8.82239921142,8.22586212226,8.18277143913
8.18869583939,7.56709714128,7.53140231072
8.89999718833,8.78786641423,8.28567832231
10.7114785143,10.3305006068,10.0669914454
8.72509736011,8.46567625859,8.11445405771
8.97383061816,8.62272952024,8.1848961236
9.34779521827,8.91476216205,8.78345221564
9.54282378021,8.91594438224,8.76163241029
8.93511812057,8.5191616777,8.37688322929
8.71495668393,8.42339525805,8.17946698028
10.1931044155,9.87017857831,9.57137483139
10.3473939066,10.3161094226,9.61394137121
8.41213194603,7.827046874,7.72987992707
10.7116931812,10.545994669,9.96516233562
10.8311955709,10.3811873241,10.1383415207
10.2052713722,9.91689647588,9.41834322575
8.60605003462,8.4699056702,8.05456383812
10.9881371949,10.4373150184,10.2955553768
9.79132563284,9.29308905408,9.05993975648
10.5938485264,10.4693296356,9.75823545516
10.7015832408,10.0520685181,10.0014801029
9.97093386565,9.81585066648,9.20796085527
9.69726390026,9.10701089391,9.07680386657
9.85006430592,9.45621178719,8.99844276617
8.23076882042,8.06337806522,7.69686534373
8.16436248097,7.7387646606,7.56747512547
9.77901271814,9.76590943527,8.96770755542
10.1791877553,9.8816505957,9.41930292948
8.61691677053,8.21985280964,7.91039105311
8.2707912606,8.03725974555,7.63971085889
10.1794679518,10.0721495232,9.3183859907
9.9496696158,9.8706000848,9.24837180456
10.1338555133,9.40136063988,9.31847145034
9.23410634761,8.86227080777,8.49841081787
9.85146475351,9.72263986727,9.21768033012
9.53795847222,9.4634608815,8.72803663102
10.8574834383,9.93168989546,9.89582173909
9.2826406814,8.6184797944,8.58442522796
9.3756394145,8.96956656206,8.76554891079
8.44052901227,7.97654112581,7.68390315635
9.48909863021,8.82543831231,8.73280036069
8.69253714853,8.04447144138,7.99691921684
8.07641241163,7.97264898918,7.39474299585
9.02554692266,8.72545002163,8.39014174395
10.2252344761,9.89072063125,9.49936521881
10.1052915096,9.66970634172,9.29930074825
8.1859594852,7.85784417174,7.61539107959
9.65904263623,9.5733919752,9.03334454067
